Solving linear variational problem.
time assembling system 0.045779648999996425
time in solving system 0.15962664199992105
time in solving system 0.046731263999845396
time in solving system 0.04667951900000844
[[ 8.67354936e+00  4.22863174e+00 -1.83679910e-03]
 [ 4.22863174e+00  8.67357973e+00 -1.83619894e-03]
 [-1.83679910e-03 -1.83619894e-03  2.08846295e+00]]
time assembling system 0.04348599600007219
time in solving system 0.15656535600010102
time in solving system 0.04669506100003673
time in solving system 0.04664492900019468
[[6.65634213e+00 3.21499663e+00 3.63770215e-03]
 [3.21499663e+00 6.66750929e+00 3.44694452e-03]
 [3.63770215e-03 3.44694452e-03 1.58497571e+00]]
time assembling system 0.043513406000101895
time in solving system 0.15665860199987947
time in solving system 0.047449845000073765
time in solving system 0.04886534499996742
[[6.75911482e+00 3.25837229e+00 3.03503290e-03]
 [3.25837229e+00 6.75906526e+00 3.03623884e-03]
 [3.03503290e-03 3.03623884e-03 1.60687049e+00]]
time assembling system 0.04552960599994549
time in solving system 0.1601170930000535
time in solving system 0.04856456100014839
time in solving system 0.04861754800003837
[[7.93560502e+00 3.85217501e+00 1.70412810e-03]
 [3.85217501e+00 7.93721811e+00 1.68414198e-03]
 [1.70412810e-03 1.68414198e-03 1.90149173e+00]]
time assembling system 0.04562699200005227
time in solving system 0.16042454800003725
time in solving system 0.04865035500006343
time in solving system 0.04848950300015531
[[1.01029734e+01 4.97280050e+00 2.59935149e-03]
 [4.97280050e+00 1.01010573e+01 2.71191550e-03]
 [2.59935149e-03 2.71191550e-03 2.45677200e+00]]
time assembling system 0.04540960700001051
time in solving system 0.15954444099998
time in solving system 0.059182355000075404
time in solving system 0.04693640100003904
[[7.94742793e+00 3.86586880e+00 2.40855843e-04]
 [3.86586880e+00 7.91267911e+00 3.53864204e-04]
 [2.40855843e-04 3.53864204e-04 1.90712117e+00]]
time assembling system 0.04359043199997359
time in solving system 0.1544658380000783
time in solving system 0.04695848999995178
time in solving system 0.06798533899996073
[[ 7.67780798e+00  3.73125192e+00 -4.75041297e-03]
 [ 3.73125192e+00  7.64323730e+00 -6.17291950e-03]
 [-4.75041297e-03 -6.17291950e-03  1.84080169e+00]]
time assembling system 0.04378147300008095
time in solving system 0.15528136700004325
time in solving system 0.04691171499985103
time in solving system 0.04674845599993205
[[ 7.69582416e+00  3.73646452e+00 -5.06719630e-03]
 [ 3.73646452e+00  7.67556145e+00 -6.00208861e-03]
 [-5.06719630e-03 -6.00208861e-03  1.84384854e+00]]
time assembling system 0.043837040999960664
time in solving system 0.15515005799989012
time in solving system 0.047161468000012974
time in solving system 0.046756760999869584
[[ 1.02087863e+01  5.02867955e+00 -5.73710763e-03]
 [ 5.02867955e+00  1.02092722e+01 -5.66299569e-03]
 [-5.73710763e-03 -5.66299569e-03  2.48442454e+00]]
time assembling system 0.04473116000008304
time in solving system 0.15523044999986269
time in solving system 0.04722327099989343
time in solving system 0.04687890199988942
[[ 6.28519474e+00  3.02436918e+00 -2.98176197e-03]
 [ 3.02436918e+00  6.28508032e+00 -2.98638778e-03]
 [-2.98176197e-03 -2.98638778e-03  1.49143669e+00]]
time assembling system 0.045266316999914125
time in solving system 0.15578625800003465
time in solving system 0.047483939999892755
time in solving system 0.047130376000041
[[7.98218473 3.89426142 0.01083455]
 [3.89426142 7.98121222 0.01094318]
 [0.01083455 0.01094318 1.92241827]]
time assembling system 0.04442486400012058
time in solving system 0.15686751399994137
time in solving system 0.04758621700011645
time in solving system 0.04801063899981273
[[6.56039385e+00 3.17402887e+00 1.28490887e-03]
 [3.17402887e+00 6.59297230e+00 6.99476015e-04]
 [1.28490887e-03 6.99476015e-04 1.56449380e+00]]
time assembling system 0.04438303699998869
time in solving system 0.15733507699997062
time in solving system 0.04801392400008808
time in solving system 0.04788443499978712
[[ 7.17638899e+00  3.46566379e+00 -9.87788336e-04]
 [ 3.46566379e+00  7.15449789e+00 -1.32932926e-03]
 [-9.87788336e-04 -1.32932926e-03  1.70930745e+00]]
time assembling system 0.04431377699984296
time in solving system 0.15552347099992403
time in solving system 0.04740155700005744
time in solving system 0.04693959599990194
[[9.21577597 4.52413791 0.01030455]
 [4.52413791 9.2192842  0.00975564]
 [0.01030455 0.00975564 2.23352694]]
time assembling system 0.044224404000033246
time in solving system 0.15629516600006355
time in solving system 0.04732708200003799
time in solving system 0.047592671999836966
[[ 7.97575891  3.89496619 -0.01270846]
 [ 3.89496619  7.97266943 -0.01318151]
 [-0.01270846 -0.01318151  1.92275633]]
time assembling system 0.04497470799992698
time in solving system 0.15813760699984414
time in solving system 0.049321405000000595
time in solving system 0.04721788699998797
[[6.71666734e+00 3.25147460e+00 4.50117690e-03]
 [3.25147460e+00 6.72409344e+00 4.11622794e-03]
 [4.50117690e-03 4.11622794e-03 1.60357539e+00]]
time assembling system 0.04500041899996177
time in solving system 0.15768123900011233
time in solving system 0.04719118899993191
time in solving system 0.046814247999918734
[[ 6.63130044e+00  3.19653265e+00 -3.61215390e-03]
 [ 3.19653265e+00  6.63060462e+00 -3.64254958e-03]
 [-3.61215390e-03 -3.64254958e-03  1.57663629e+00]]
time assembling system 0.04437053000015112
time in solving system 0.1553467680000722
time in solving system 0.04714370000010604
time in solving system 0.047046802000068055
[[ 6.16721206e+00  2.96243642e+00 -1.95729172e-04]
 [ 2.96243642e+00  6.17961023e+00 -4.13849976e-05]
 [-1.95729172e-04 -4.13849976e-05  1.45926070e+00]]
time assembling system 0.04405584699998144
time in solving system 0.1569739640001444
time in solving system 0.07129730499991638
time in solving system 0.046908915999893
[[ 8.13324364e+00  3.95897871e+00 -5.15980532e-03]
 [ 3.95897871e+00  8.11996630e+00 -5.88058446e-03]
 [-5.15980532e-03 -5.88058446e-03  1.95403971e+00]]
time assembling system 0.043700156000113566
time in solving system 0.15562467500012644
time in solving system 0.04688286900000094
time in solving system 0.046745604000079766
[[ 6.39098378e+00  3.08050707e+00 -1.27467045e-03]
 [ 3.08050707e+00  6.38805102e+00 -1.36101894e-03]
 [-1.27467045e-03 -1.36101894e-03  1.51825685e+00]]
time assembling system 0.04393004099983955
time in solving system 0.15527495899982569
time in solving system 0.04702981699983866
time in solving system 0.046951027999966755
[[ 1.01517483e+01  4.99723653e+00 -4.65696040e-03]
 [ 4.99723653e+00  1.01517235e+01 -4.65953905e-03]
 [-4.65696040e-03 -4.65953905e-03  2.46914886e+00]]
time assembling system 0.04435751799996979
time in solving system 0.15627584499998193
time in solving system 0.048048792999907164
time in solving system 0.0472867660000702
[[ 6.12286085e+00  2.95032570e+00 -2.30995512e-03]
 [ 2.95032570e+00  6.12118460e+00 -2.37336675e-03]
 [-2.30995512e-03 -2.37336675e-03  1.45446144e+00]]
time assembling system 0.044124432999979035
time in solving system 0.15686535800000456
time in solving system 0.04749113899993063
time in solving system 0.04806968299999426
[[ 7.66807284e+00  3.71997486e+00 -1.81156880e-03]
 [ 3.71997486e+00  7.66408291e+00 -1.83855690e-03]
 [-1.81156880e-03 -1.83855690e-03  1.83550850e+00]]
time assembling system 0.04457471300020188
time in solving system 0.155653841000003
time in solving system 0.04754870900001151
time in solving system 0.04734192599994458
[[ 8.76120573  4.28727853 -0.00965708]
 [ 4.28727853  8.76318891 -0.00939809]
 [-0.00965708 -0.00939809  2.11645344]]
time assembling system 0.04441725099991345
time in solving system 0.15694209199978104
time in solving system 0.04779343999985031
time in solving system 0.047448654999925566
[[ 9.27445700e+00  4.55387805e+00 -9.03780066e-03]
 [ 4.55387805e+00  9.26800927e+00 -1.00116213e-02]
 [-9.03780066e-03 -1.00116213e-02  2.24798529e+00]]
time assembling system 0.045203680999975404
time in solving system 0.1563432149998789
time in solving system 0.04767214100002093
time in solving system 0.047503223999910915
[[ 7.50328518e+00  3.64592127e+00 -1.32069529e-03]
 [ 3.64592127e+00  7.52444021e+00 -1.26453701e-03]
 [-1.32069529e-03 -1.26453701e-03  1.79854735e+00]]
time assembling system 0.04755134199990607
time in solving system 0.15688962200010792
time in solving system 0.047717382000200814
time in solving system 0.04747332900001311
[[ 8.49470728e+00  4.14463188e+00 -3.07448278e-03]
 [ 4.14463188e+00  8.50294351e+00 -2.84837860e-03]
 [-3.07448278e-03 -2.84837860e-03  2.04631329e+00]]
time assembling system 0.04542238599992743
time in solving system 0.15704079000011006
time in solving system 0.047661444999903324
time in solving system 0.04728485999999066
[[ 9.41917871e+00  4.61858064e+00 -4.01507679e-03]
 [ 4.61858064e+00  9.41787891e+00 -4.08487478e-03]
 [-4.01507679e-03 -4.08487478e-03  2.28129016e+00]]
time assembling system 0.0450539360001585
time in solving system 0.15931592199990519
time in solving system 0.04782387000000199
time in solving system 0.04720029299983253
[[7.39698988e+00 3.58738492e+00 3.64347885e-03]
 [3.58738492e+00 7.41304915e+00 3.12640861e-03]
 [3.64347885e-03 3.12640861e-03 1.76997027e+00]]
time assembling system 0.04493238600002769
time in solving system 0.15588903100001517
time in solving system 0.04809709300002396
time in solving system 0.04749548300014794
[[7.71023926 3.75951507 0.01224504]
 [3.75951507 7.71177918 0.01202284]
 [0.01224504 0.01202284 1.85543487]]
time assembling system 0.04536813500021708
time in solving system 0.15877377299989348
time in solving system 0.047587730000032025
time in solving system 0.04717098900005112
[[ 7.49012296e+00  3.62478709e+00 -2.42374852e-03]
 [ 3.62478709e+00  7.47509367e+00 -2.74677420e-03]
 [-2.42374852e-03 -2.74677420e-03  1.78848624e+00]]
time assembling system 0.045207984999933615
time in solving system 0.1567834210000001
time in solving system 0.04845834300022034
time in solving system 0.047769874999858075
[[ 9.56276376e+00  4.70079637e+00 -8.42226595e-03]
 [ 4.70079637e+00  9.55963466e+00 -8.92038654e-03]
 [-8.42226595e-03 -8.92038654e-03  2.32094207e+00]]
time assembling system 0.04583634300001904
time in solving system 0.1591231710001466
time in solving system 0.04803451300017514
time in solving system 0.047868656999980885
[[9.22862681 4.52651981 0.00977572]
 [4.52651981 9.22920119 0.00968137]
 [0.00977572 0.00968137 2.23499433]]
time assembling system 0.045224262999909115
time in solving system 0.1571257069999774
time in solving system 0.048008187000050384
time in solving system 0.04750469000009616
[[ 6.72835560e+00  3.23474700e+00 -1.01775034e-03]
 [ 3.23474700e+00  6.72828487e+00 -1.01894549e-03]
 [-1.01775034e-03 -1.01894549e-03  1.59490232e+00]]
time assembling system 0.04557211399992411
time in solving system 0.1594657420000658
time in solving system 0.04795677499987505
time in solving system 0.04738537499997619
[[ 6.76343658e+00  3.26201403e+00 -4.23203871e-05]
 [ 3.26201403e+00  6.71453739e+00 -3.79976161e-04]
 [-4.23203871e-05 -3.79976161e-04  1.60779106e+00]]
time assembling system 0.044800030000033075
time in solving system 0.15671628999984932
time in solving system 0.04786670499993306
time in solving system 0.047383929000034186
[[6.55227026e+00 3.14632252e+00 2.45374363e-04]
 [3.14632252e+00 6.55449796e+00 2.27815465e-04]
 [2.45374363e-04 2.27815465e-04 1.55076413e+00]]
time assembling system 0.045711684999787394
time in solving system 0.18145100900005673
time in solving system 0.046705998999868825
time in solving system 0.04659278600001926
[[ 8.46393363e+00  4.13442127e+00 -8.11893893e-03]
 [ 4.13442127e+00  8.45237355e+00 -9.21883398e-03]
 [-8.11893893e-03 -9.21883398e-03  2.04071867e+00]]
time assembling system 0.043815914999868255
time in solving system 0.15473488400016322
time in solving system 0.046800160000202595
time in solving system 0.046758398000065426
[[8.09597215e+00 3.94769045e+00 7.84768604e-03]
 [3.94769045e+00 8.10299905e+00 7.25537719e-03]
 [7.84768604e-03 7.25537719e-03 1.94833486e+00]]
time assembling system 0.044073674999935974
time in solving system 0.157992060999959
time in solving system 0.04697019500008537
time in solving system 0.046900419999929
[[ 9.50790481e+00  4.66911569e+00 -8.63802310e-03]
 [ 4.66911569e+00  9.50864824e+00 -8.52549605e-03]
 [-8.63802310e-03 -8.52549605e-03  2.30582179e+00]]
time assembling system 0.04379304899998715
time in solving system 0.15575387000012597
time in solving system 0.04699087800008783
time in solving system 0.04679432399984762
[[ 8.27363147  4.04028743 -0.0105273 ]
 [ 4.04028743  8.2730497  -0.01059935]
 [-0.0105273  -0.01059935  1.99426527]]
time assembling system 0.043985499999962485
time in solving system 0.15884155400021882
time in solving system 0.0471743340001467
time in solving system 0.04704754299996239
[[6.83716758e+00 3.30059136e+00 2.93984862e-03]
 [3.30059136e+00 6.82581824e+00 3.05920189e-03]
 [2.93984862e-03 3.05920189e-03 1.62721658e+00]]
time assembling system 0.04409499100006542
time in solving system 0.15624821899996277
time in solving system 0.0470223149998219
time in solving system 0.046910475000004226
[[5.98244046e+00 2.87217396e+00 1.65578334e-03]
 [2.87217396e+00 5.96305816e+00 1.54285553e-03]
 [1.65578334e-03 1.54285553e-03 1.41405173e+00]]
time assembling system 0.04406948999985616
time in solving system 0.15863277700009348
time in solving system 0.047190873000090505
time in solving system 0.04698671400001331
[[ 9.06707495e+00  4.43957262e+00 -7.26327774e-03]
 [ 4.43957262e+00  9.06499405e+00 -7.47189062e-03]
 [-7.26327774e-03 -7.47189062e-03  2.19223508e+00]]
time assembling system 0.043683899000143356
time in solving system 0.15605591299981825
time in solving system 0.04712571100003515
time in solving system 0.046895379000034154
[[6.17559268e+00 2.96371227e+00 7.65355152e-04]
 [2.96371227e+00 6.16622216e+00 6.78205691e-04]
 [7.65355152e-04 6.78205691e-04 1.45970957e+00]]
time assembling system 0.04568305199995848
time in solving system 0.15987243500012482
time in solving system 0.04885828400006176
time in solving system 0.04785568699981013
[[7.71894153e+00 3.74738712e+00 3.71941318e-03]
 [3.74738712e+00 7.69183262e+00 4.68130501e-03]
 [3.71941318e-03 4.68130501e-03 1.84897996e+00]]
time assembling system 0.04362963900007344
time in solving system 0.15674639799999568
time in solving system 0.04751458400005504
time in solving system 0.04697336899994298
[[ 7.34016359e+00  3.57191305e+00 -3.77372577e-03]
 [ 3.57191305e+00  7.36392818e+00 -3.39532397e-03]
 [-3.77372577e-03 -3.39532397e-03  1.76151639e+00]]
time assembling system 0.04452730799994242
time in solving system 0.159143234000112
time in solving system 0.04757093700004589
time in solving system 0.04733347399997001
[[8.59684171e+00 4.19865874e+00 7.38607033e-03]
 [4.19865874e+00 8.59743182e+00 7.33753121e-03]
 [7.38607033e-03 7.33753121e-03 2.07290981e+00]]
time assembling system 0.04473215300004085
time in solving system 0.15683019700009027
time in solving system 0.047375202000011996
time in solving system 0.04717274399990856
[[ 8.04036475  3.92635021 -0.01217071]
 [ 3.92635021  8.03692064 -0.01273209]
 [-0.01217071 -0.01273209  1.93763847]]
time assembling system 0.04489927300005547
time in solving system 0.15849418800007697
time in solving system 0.047569160999955784
time in solving system 0.04711788200006595
[[ 6.76417382e+00  3.26983468e+00 -2.77221451e-03]
 [ 3.26983468e+00  6.74394018e+00 -3.62192249e-03]
 [-2.77221451e-03 -3.62192249e-03  1.61236581e+00]]
time assembling system 0.04453952000017125
time in solving system 0.15641757200000939
time in solving system 0.04768502599995372
time in solving system 0.04756152599998131
[[8.24338286e+00 4.03014707e+00 1.11257857e-03]
 [4.03014707e+00 8.26986945e+00 8.91727844e-04]
 [1.11257857e-03 8.91727844e-04 1.98871239e+00]]
time assembling system 0.04477111099981812
time in solving system 0.158571664999954
time in solving system 0.047520633000203816
time in solving system 0.0471478429999479
[[6.73070023e+00 3.23689223e+00 1.19038406e-03]
 [3.23689223e+00 6.73029088e+00 1.19838273e-03]
 [1.19038406e-03 1.19838273e-03 1.59599147e+00]]
time assembling system 0.0441085509999084
time in solving system 0.15647107899985713
time in solving system 0.047727583999858325
time in solving system 0.0474106720000691
[[7.24298428e+00 3.51102331e+00 6.91708817e-03]
 [3.51102331e+00 7.24195177e+00 6.99022539e-03]
 [6.91708817e-03 6.99022539e-03 1.73267975e+00]]
time assembling system 0.044506464999813034
time in solving system 0.15841201900002488
time in solving system 0.047939793000068676
time in solving system 0.04802994299984675
[[7.15946499 3.47638364 0.00918971]
 [3.47638364 7.15569884 0.00956109]
 [0.00918971 0.00956109 1.71573267]]
time assembling system 0.044532171000128074
time in solving system 0.15602723799997875
time in solving system 0.04775358300003063
time in solving system 0.0472294989999682
[[ 8.19565069e+00  3.98827363e+00 -1.59628546e-04]
 [ 3.98827363e+00  8.19999044e+00 -1.72527925e-04]
 [-1.59628546e-04 -1.72527925e-04  1.96885126e+00]]
time assembling system 0.044958419000067806
time in solving system 0.15852669700007027
time in solving system 0.047784477999812225
time in solving system 0.04743796000002476
[[6.92046729e+00 3.33288331e+00 1.60291479e-03]
 [3.33288331e+00 6.91795865e+00 1.65588397e-03]
 [1.60291479e-03 1.65588397e-03 1.64372696e+00]]
time assembling system 0.04561580600011439
time in solving system 0.15668818900007864
time in solving system 0.04823148599984961
time in solving system 0.0477972349999618
[[ 7.32619617  3.55976211 -0.00754997]
 [ 3.55976211  7.31951675 -0.00812387]
 [-0.00754997 -0.00812387  1.75625325]]
time assembling system 0.04561216700017212
time in solving system 0.16132617899984325
time in solving system 0.04830076799999006
time in solving system 0.047917503000007855
[[ 7.96317654e+00  3.87316160e+00 -1.90938487e-03]
 [ 3.87316160e+00  7.94188824e+00 -2.14183955e-03]
 [-1.90938487e-03 -2.14183955e-03  1.91103614e+00]]
time assembling system 0.04501406899998983
time in solving system 0.1567694059999667
time in solving system 0.04787944600002447
time in solving system 0.047557941000150095
[[ 6.12627541e+00  2.93681058e+00 -3.75196481e-04]
 [ 2.93681058e+00  6.13306471e+00 -3.08923071e-04]
 [-3.75196481e-04 -3.08923071e-04  1.44646105e+00]]
time assembling system 0.04534263000005012
time in solving system 0.15997426300009465
time in solving system 0.048072292999904676
time in solving system 0.04773839200015573
[[ 6.71765103e+00  3.23425161e+00 -2.33190766e-03]
 [ 3.23425161e+00  6.71574854e+00 -2.38557414e-03]
 [-2.33190766e-03 -2.38557414e-03  1.59492309e+00]]
time assembling system 0.0451788119999037
time in solving system 0.15695055900005173
time in solving system 0.04780525099999977
time in solving system 0.047381390000055035
[[ 7.50412355e+00  3.64315366e+00 -1.33002241e-03]
 [ 3.64315366e+00  7.45434436e+00 -1.86764133e-03]
 [-1.33002241e-03 -1.86764133e-03  1.79643667e+00]]
time assembling system 0.0453672269998151
time in solving system 0.18319869099991593
time in solving system 0.04688626100005422
time in solving system 0.04689184999983809
[[6.85446056e+00 3.30585913e+00 1.12513963e-03]
 [3.30585913e+00 6.86140202e+00 9.86039865e-04]
 [1.12513963e-03 9.86039865e-04 1.63010808e+00]]
time assembling system 0.044270152000081
time in solving system 0.15670171199985816
time in solving system 0.0472429710000597
time in solving system 0.046899737999865465
[[8.36947243e+00 4.08166106e+00 4.98960423e-03]
 [4.08166106e+00 8.35462622e+00 5.70661171e-03]
 [4.98960423e-03 5.70661171e-03 2.01464755e+00]]
time assembling system 0.04426481799987414
time in solving system 0.159155735000013
time in solving system 0.047517585000150575
time in solving system 0.04714570299984189
[[ 7.30905789e+00  3.55106779e+00 -7.13412406e-03]
 [ 3.55106779e+00  7.32274913e+00 -6.20555635e-03]
 [-7.13412406e-03 -6.20555635e-03  1.75230251e+00]]
time assembling system 0.043546322000111104
time in solving system 0.15610870099999374
time in solving system 0.04713893099983579
time in solving system 0.04682626499993603
[[6.93211193e+00 3.34713702e+00 3.90237529e-03]
 [3.34713702e+00 6.93341670e+00 3.84956800e-03]
 [3.90237529e-03 3.84956800e-03 1.65121377e+00]]
time assembling system 0.04382889799990153
time in solving system 0.15921443199999885
time in solving system 0.04711226700010229
time in solving system 0.04685865900000863
[[ 7.87078929e+00  3.81597998e+00 -2.22336066e-03]
 [ 3.81597998e+00  7.87099606e+00 -2.21848404e-03]
 [-2.22336066e-03 -2.21848404e-03  1.88368899e+00]]
time assembling system 0.04386572700013858
time in solving system 0.15658336000001327
time in solving system 0.04741010399993684
time in solving system 0.0472948849999284
[[5.59854108e+00 2.67334153e+00 3.24286461e-04]
 [2.67334153e+00 5.59653669e+00 3.31727865e-04]
 [3.24286461e-04 3.31727865e-04 1.31490878e+00]]
time assembling system 0.04327611799999431
time in solving system 0.1586868660001528
time in solving system 0.047382317000028706
time in solving system 0.04727616300010595
[[ 6.53095787e+00  3.14941699e+00 -3.92728556e-04]
 [ 3.14941699e+00  6.54838629e+00 -5.43694584e-04]
 [-3.92728556e-04 -5.43694584e-04  1.55207159e+00]]
time assembling system 0.04373140300003797
time in solving system 0.15622931000007156
time in solving system 0.04711604400017677
time in solving system 0.04701249499998994
[[ 8.62881609e+00  4.21339392e+00 -6.45762014e-03]
 [ 4.21339392e+00  8.63104142e+00 -6.29411199e-03]
 [-6.45762014e-03 -6.29411199e-03  2.08031183e+00]]
time assembling system 0.04326135900009831
time in solving system 0.15866815599997608
time in solving system 0.04718811599991568
time in solving system 0.04690878600013093
[[5.99042890e+00 2.87202877e+00 1.52340274e-03]
 [2.87202877e+00 5.97797571e+00 1.50516441e-03]
 [1.52340274e-03 1.50516441e-03 1.41395047e+00]]
time assembling system 0.04342279899992718
time in solving system 0.1562761299999238
time in solving system 0.04737423200003832
time in solving system 0.04790147099993192
[[ 8.17892156e+00  3.97839833e+00 -8.16563901e-04]
 [ 3.97839833e+00  8.16114414e+00 -9.56966007e-04]
 [-8.16563901e-04 -9.56966007e-04  1.96364487e+00]]
time assembling system 0.043523585999992065
time in solving system 0.15902306200018756
time in solving system 0.04726574400001482
time in solving system 0.04707135000012386
[[1.03242587e+01 5.08729702e+00 4.83418101e-03]
 [5.08729702e+00 1.03243421e+01 4.82271888e-03]
 [4.83418101e-03 4.82271888e-03 2.51368419e+00]]
time assembling system 0.04364346200009095
time in solving system 0.156131367999933
time in solving system 0.04723438000019087
time in solving system 0.04681653400007235
[[ 7.03860815e+00  3.40628197e+00 -3.74040163e-03]
 [ 3.40628197e+00  7.03930082e+00 -3.70873090e-03]
 [-3.74040163e-03 -3.70873090e-03  1.68005372e+00]]
time assembling system 0.04348464600002444
time in solving system 0.15899667799999406
time in solving system 0.04890753099994072
time in solving system 0.04795862700007092
[[ 7.24833144e+00  3.50720175e+00 -4.71928746e-03]
 [ 3.50720175e+00  7.24375354e+00 -4.95130787e-03]
 [-4.71928746e-03 -4.95130787e-03  1.73047978e+00]]
time assembling system 0.04378544700011844
time in solving system 0.15773793200014552
time in solving system 0.047249079000039274
time in solving system 0.04705013099987809
[[8.47151063e+00 4.12390243e+00 1.62599670e-03]
 [4.12390243e+00 8.47157789e+00 1.62485171e-03]
 [1.62599670e-03 1.62485171e-03 2.03654896e+00]]
time assembling system 0.04380185900004108
time in solving system 0.1593309259999387
time in solving system 0.04753393999999389
time in solving system 0.047129006000204754
[[ 8.11106314  3.95752207 -0.01066283]
 [ 3.95752207  8.11167571 -0.01058237]
 [-0.01066283 -0.01058237  1.95311839]]
time assembling system 0.04352000099993347
time in solving system 0.15706272700003865
time in solving system 0.047496917999978905
time in solving system 0.047084798000014416
[[8.3660227  4.09691815 0.01075247]
 [4.09691815 8.38223121 0.00909613]
 [0.01075247 0.00909613 2.02204918]]
time assembling system 0.044143481999981304
time in solving system 0.15906846400002905
time in solving system 0.04755537500000173
time in solving system 0.047237392999932126
[[ 7.13546850e+00  3.45359450e+00 -2.37356160e-03]
 [ 3.45359450e+00  7.14223082e+00 -2.15799492e-03]
 [-2.37356160e-03 -2.15799492e-03  1.70337259e+00]]
time assembling system 0.04381231200000002
time in solving system 0.15664804400012144
time in solving system 0.0476160149999032
time in solving system 0.047417147000032855
[[ 8.47562151e+00  4.14086053e+00 -7.56699392e-03]
 [ 4.14086053e+00  8.47044974e+00 -7.94893399e-03]
 [-7.56699392e-03 -7.94893399e-03  2.04396820e+00]]
time assembling system 0.04368058600016411
time in solving system 0.1605465780000941
time in solving system 0.047709435999877314
time in solving system 0.047318901000153346
[[ 8.21099654  4.01239092 -0.01062684]
 [ 4.01239092  8.2166315  -0.01005461]
 [-0.01062684 -0.01005461  1.98061699]]
time assembling system 0.04333819299995412
time in solving system 0.15665570700002718
time in solving system 0.047662362999972174
time in solving system 0.04735813499996766
[[ 7.12753076e+00  3.43971011e+00 -2.32903806e-03]
 [ 3.43971011e+00  7.12601074e+00 -2.36306294e-03]
 [-2.32903806e-03 -2.36306294e-03  1.69680927e+00]]
time assembling system 0.04467765300000792
time in solving system 0.15900113399993643
time in solving system 0.04787745899989204
time in solving system 0.04758263500002613
[[8.11794034e+00 3.94565911e+00 2.88235543e-03]
 [3.94565911e+00 8.11226325e+00 3.02897345e-03]
 [2.88235543e-03 3.02897345e-03 1.94779608e+00]]
time assembling system 0.043729688999974314
time in solving system 0.1574289459999818
time in solving system 0.04776277300015863
time in solving system 0.04743093499996576
[[8.64833980e+00 4.23270784e+00 2.43757187e-04]
 [4.23270784e+00 8.66649764e+00 2.06173032e-04]
 [2.43757187e-04 2.06173032e-04 2.08932427e+00]]
time assembling system 0.04366804400001456
time in solving system 0.15963805199999115
time in solving system 0.04776775599998473
time in solving system 0.047446352999941155
[[ 8.38223286e+00  4.08393154e+00 -3.63837913e-03]
 [ 4.08393154e+00  8.38166040e+00 -3.65685498e-03]
 [-3.63837913e-03 -3.65685498e-03  2.01629546e+00]]
time assembling system 0.04392408199987585
time in solving system 0.15688525500013384
time in solving system 0.04795941300017148
time in solving system 0.04736725399993702
[[ 8.49159683e+00  4.14168503e+00 -4.79640729e-03]
 [ 4.14168503e+00  8.49088426e+00 -4.82876206e-03]
 [-4.79640729e-03 -4.82876206e-03  2.04483761e+00]]
time assembling system 0.04630516899987924
time in solving system 0.1838750940000864
time in solving system 0.04698884200001885
time in solving system 0.04669261000003644
[[ 6.46551783e+00  3.10874424e+00 -2.03597861e-03]
 [ 3.10874424e+00  6.45444421e+00 -2.11894419e-03]
 [-2.03597861e-03 -2.11894419e-03  1.53194339e+00]]
time assembling system 0.04329618599990681
time in solving system 0.1560492000000977
time in solving system 0.04718496099985714
time in solving system 0.046827617999952054
[[8.01252068e+00 3.89146081e+00 3.73489416e-03]
 [3.89146081e+00 8.01187213e+00 3.75956586e-03]
 [3.73489416e-03 3.75956586e-03 1.92101577e+00]]
time assembling system 0.043498520000184726
time in solving system 0.15809422899997116
time in solving system 0.04730901399989307
time in solving system 0.047372617000064565
[[6.51677319e+00 3.14008868e+00 1.71560707e-04]
 [3.14008868e+00 6.51253736e+00 2.53824638e-04]
 [1.71560707e-04 2.53824638e-04 1.54750324e+00]]
time assembling system 0.04373495799995908
time in solving system 0.1571255910000673
time in solving system 0.04687280000007377
time in solving system 0.04688697599999614
[[ 8.91156063  4.37789522 -0.0162265 ]
 [ 4.37789522  8.91133657 -0.0163066 ]
 [-0.0162265  -0.0163066   2.1606392 ]]
time assembling system 0.043517106000081185
time in solving system 0.1579481690000648
time in solving system 0.047333320000007006
time in solving system 0.04697897300002296
[[8.95910121e+00 4.38008747e+00 4.50423808e-03]
 [4.38008747e+00 8.95937630e+00 4.48937759e-03]
 [4.50423808e-03 4.48937759e-03 2.16318798e+00]]
time assembling system 0.04385178799998357
time in solving system 0.15649524700006623
time in solving system 0.04788612699985606
time in solving system 0.047981429999936154
[[ 6.22573739e+00  2.98601835e+00 -9.99403765e-04]
 [ 2.98601835e+00  6.22559483e+00 -9.99625287e-04]
 [-9.99403765e-04 -9.99625287e-04  1.47080863e+00]]
time assembling system 0.043769990999862785
time in solving system 0.1580360989999008
time in solving system 0.04707597900005567
time in solving system 0.046880430999863165
[[ 7.75303366e+00  3.79392846e+00 -5.05132483e-05]
 [ 3.79392846e+00  7.79785725e+00  1.70719910e-05]
 [-5.05132483e-05  1.70719910e-05  1.87101185e+00]]
time assembling system 0.043837781000092946
time in solving system 0.1558674020000126
time in solving system 0.0472522749998916
time in solving system 0.04689223400009723
[[ 5.94982606e+00  2.84656858e+00 -2.02246493e-04]
 [ 2.84656858e+00  5.95043215e+00 -1.95065907e-04]
 [-2.02246493e-04 -1.95065907e-04  1.40159125e+00]]
time assembling system 0.043359287000157565
time in solving system 0.158578038999849
time in solving system 0.04725832700000865
time in solving system 0.04692221799996332
[[8.87033756e+00 4.33780017e+00 1.34339505e-03]
 [4.33780017e+00 8.87845433e+00 1.22881279e-03]
 [1.34339505e-03 1.22881279e-03 2.14207081e+00]]
time assembling system 0.04375325099999827
time in solving system 0.1554785109999557
time in solving system 0.04719532299986895
time in solving system 0.04686724099997264
[[8.78149541e+00 4.29201971e+00 5.87420223e-03]
 [4.29201971e+00 8.77498710e+00 6.34154657e-03]
 [5.87420223e-03 6.34154657e-03 2.11906773e+00]]
time assembling system 0.043440937000013946
time in solving system 0.15788955099992563
time in solving system 0.04739649000021018
time in solving system 0.04704126100000394
[[ 8.69375385e+00  4.24015458e+00 -1.92907653e-03]
 [ 4.24015458e+00  8.69212946e+00 -1.96035307e-03]
 [-1.92907653e-03 -1.96035307e-03  2.09404905e+00]]
time assembling system 0.045349114999908124
time in solving system 0.1558932249999998
time in solving system 0.047326605999842286
time in solving system 0.04691829200010034
[[7.63197056e+00 3.71772661e+00 7.12465352e-04]
 [3.71772661e+00 7.66320087e+00 6.68291881e-04]
 [7.12465352e-04 6.68291881e-04 1.83396102e+00]]
