Solving linear variational problem.
time assembling system 0.05234448400005931
time in solving system 0.1331044929993368
time in solving system 0.05239153500042448
time in solving system 0.05540245900010632
[[ 8.9757178   4.21318566 -0.00972673]
 [ 4.21318566  8.97575976 -0.00972739]
 [-0.00972673 -0.00972739  2.19347935]]
time assembling system 0.05076460799864435
time in solving system 0.11339995799971803
time in solving system 0.058109055000386434
time in solving system 0.057324883000546834
[[ 7.23655098e+00  3.33075053e+00 -3.06322338e-03]
 [ 3.33075053e+00  7.23956714e+00 -3.06011613e-03]
 [-3.06322338e-03 -3.06011613e-03  1.75310300e+00]]
time assembling system 0.051040133001151844
time in solving system 0.12898403700091876
time in solving system 0.05737778000002436
time in solving system 0.058915744000842096
[[7.21703328e+00 3.31347814e+00 6.33195612e-03]
 [3.31347814e+00 7.21701836e+00 6.33070107e-03]
 [6.33195612e-03 6.33070107e-03 1.74736375e+00]]
time assembling system 0.05082425799992052
time in solving system 0.11474735299998429
time in solving system 0.05228402799912146
time in solving system 0.05255014599970309
[[8.32565736e+00 3.87828819e+00 1.64612038e-03]
 [3.87828819e+00 8.32708714e+00 1.65579151e-03]
 [1.64612038e-03 1.65579151e-03 2.02668755e+00]]
time assembling system 0.04846890999942843
time in solving system 0.11090676399908261
time in solving system 0.055285312000705744
time in solving system 0.05443219799963117
[[1.04904906e+01 5.00756608e+00 8.20638949e-03]
 [5.00756608e+00 1.04814128e+01 8.13705500e-03]
 [8.20638949e-03 8.13705500e-03 2.58625815e+00]]
time assembling system 0.05268666700067115
time in solving system 0.11823188200105506
time in solving system 0.05632722100017418
time in solving system 0.05629173800116405
[[8.69981080e+00 4.07837217e+00 2.63445880e-03]
 [4.07837217e+00 8.66442777e+00 2.42448080e-03]
 [2.63445880e-03 2.42448080e-03 2.12469883e+00]]
time assembling system 0.05555444399942644
time in solving system 0.12245635300132562
time in solving system 0.057362561999980244
time in solving system 0.05920186899857072
[[ 8.47209043e+00  3.96493120e+00 -6.51558424e-03]
 [ 3.96493120e+00  8.44284925e+00 -5.74602222e-03]
 [-6.51558424e-03 -5.74602222e-03  2.06875753e+00]]
time assembling system 0.05123560999891197
time in solving system 0.11998384600155987
time in solving system 0.056719853999311454
time in solving system 0.05755318800038367
[[ 8.29673598  3.86905228 -0.01440377]
 [ 3.86905228  8.28044251 -0.0136138 ]
 [-0.01440377 -0.0136138   2.02449602]]
time assembling system 0.05248915499942086
time in solving system 0.12901960399904056
time in solving system 0.05251143500026956
time in solving system 0.061482219000026817
[[10.55569923  5.04343849 -0.02180239]
 [ 5.04343849 10.55851709 -0.02185885]
 [-0.02180239 -0.02185885  2.60613029]]
time assembling system 0.04513985999983561
time in solving system 0.10752416700051981
time in solving system 0.052088692000324954
time in solving system 0.05154522399971029
[[ 6.62142611  3.01096367 -0.02231112]
 [ 3.01096367  6.62142315 -0.02230243]
 [-0.02231112 -0.02230243  1.61441708]]
time assembling system 0.0735845059989515
time in solving system 0.10798699800034228
time in solving system 0.05767821600056777
time in solving system 0.06506885599992529
[[8.56916046 4.01281621 0.0342131 ]
 [4.01281621 8.568149   0.03412514]
 [0.0342131  0.03412514 2.10704262]]
time assembling system 0.05387583099945914
time in solving system 0.12037327799953346
time in solving system 0.054330844001015066
time in solving system 0.05350735200045165
[[7.1334266  3.27974821 0.01115116]
 [3.27974821 7.14052314 0.0123713 ]
 [0.01115116 0.0123713  1.73181865]]
time assembling system 0.049553163999007666
time in solving system 0.1107243690003088
time in solving system 0.05316637699979765
time in solving system 0.053692868999860366
[[ 7.66729424  3.54142697 -0.01074692]
 [ 3.54142697  7.65635964 -0.01015731]
 [-0.01074692 -0.01015731  1.86103786]]
time assembling system 0.047047728001416544
time in solving system 0.11121112900036678
time in solving system 0.05597385900000518
time in solving system 0.05715715499900398
[[9.73635924 4.61968016 0.03192806]
 [4.61968016 9.74559236 0.03230203]
 [0.03192806 0.03230203 2.40141959]]
time assembling system 0.050769270999808214
time in solving system 0.1273882509995019
time in solving system 0.09101658899999165
time in solving system 0.08895528699940769
[[ 8.53364334  3.99139384 -0.04777228]
 [ 3.99139384  8.53030419 -0.04737817]
 [-0.04777228 -0.04737817  2.10690335]]
time assembling system 0.0544795059995522
time in solving system 0.11454524800137733
time in solving system 0.052875646000757115
time in solving system 0.06680199999937031
[[7.17739187 3.29602934 0.03282449]
 [3.29602934 7.17913046 0.03349325]
 [0.03282449 0.03349325 1.76034811]]
time assembling system 0.06477822299893887
time in solving system 0.1306603789998917
time in solving system 0.050614013000085833
time in solving system 0.05152325700146321
[[ 6.98153751  3.19021745 -0.02348346]
 [ 3.19021745  6.98139784 -0.0234347 ]
 [-0.02348346 -0.0234347   1.70145808]]
time assembling system 0.06386914200083993
time in solving system 0.16521061100138468
time in solving system 0.08315690699964762
time in solving system 0.052370093999343226
[[ 6.54840884  2.97413724 -0.00808387]
 [ 2.97413724  6.54856157 -0.00848309]
 [-0.00808387 -0.00848309  1.57972497]]
time assembling system 0.05287774899989017
time in solving system 0.1450039060000563
time in solving system 0.07939724899915745
time in solving system 0.07089716700102144
[[ 8.63809861  4.04105127 -0.02248743]
 [ 4.04105127  8.62377055 -0.02177226]
 [-0.02248743 -0.02177226  2.11291287]]
time assembling system 0.04744322400074452
time in solving system 0.14241742299964244
time in solving system 0.05149723600152356
time in solving system 0.05757218799953989
[[ 6.82857021  3.11925558 -0.02297376]
 [ 3.11925558  6.82831432 -0.02276707]
 [-0.02297376 -0.02276707  1.6640482 ]]
time assembling system 0.07466639399899577
time in solving system 0.12950011900102254
time in solving system 0.053371431000414304
time in solving system 0.05374070200014103
[[10.46364186  4.99395923 -0.01923759]
 [ 4.99395923 10.46352222 -0.01923545]
 [-0.01923759 -0.01923545  2.58084877]]
time assembling system 0.04973179899934621
time in solving system 0.11822081900027115
time in solving system 0.05490284299958148
time in solving system 0.05541409800025576
[[ 6.53350136  2.97389787 -0.02570418]
 [ 2.97389787  6.53362845 -0.02555579]
 [-0.02570418 -0.02555579  1.59891779]]
time assembling system 0.050282326999877114
time in solving system 0.16801624999970954
time in solving system 0.07502574599857326
time in solving system 0.055846224999186234
[[8.17801607e+00 3.80604893e+00 7.81303939e-03]
 [3.80604893e+00 8.17496634e+00 7.75990240e-03]
 [7.81303939e-03 7.75990240e-03 1.99096400e+00]]
time assembling system 0.0479428110011213
time in solving system 0.1116433600000164
time in solving system 0.059546446000240394
time in solving system 0.06342620499890472
[[ 9.15369513  4.30759245 -0.04269082]
 [ 4.30759245  9.15723837 -0.04291915]
 [-0.04269082 -0.04291915  2.25483568]]
time assembling system 0.05409695100024692
time in solving system 0.11567541000113124
time in solving system 0.051762950999545865
time in solving system 0.053218715998809785
[[ 9.9047217   4.70398654 -0.02457712]
 [ 4.70398654  9.88635638 -0.02401713]
 [-0.02457712 -0.02401713  2.44014256]]
time assembling system 0.05145994900158257
time in solving system 0.11691154000072856
time in solving system 0.05624506100139115
time in solving system 0.07408111200129497
[[8.08595241 3.76664814 0.00829047]
 [3.76664814 8.10070904 0.00863404]
 [0.00829047 0.00863404 1.97121568]]
time assembling system 0.046520276000592276
time in solving system 0.11315089599884232
time in solving system 0.05554169499919226
time in solving system 0.05469453199839336
[[ 8.93943233e+00  4.20254635e+00 -7.50692541e-03]
 [ 4.20254635e+00  8.95025264e+00 -7.66572341e-03]
 [-7.50692541e-03 -7.66572341e-03  2.18772949e+00]]
time assembling system 0.05084704600085388
time in solving system 0.11472726400097599
time in solving system 0.05391338000117685
time in solving system 0.05776212800083158
[[ 9.80893202  4.65194984 -0.01206667]
 [ 4.65194984  9.80575526 -0.01202148]
 [-0.01206667 -0.01202148  2.41065013]]
time assembling system 0.05564660600066418
time in solving system 0.1310512510008266
time in solving system 0.054757181998866145
time in solving system 0.052466588000243064
[[7.87411272 3.65168594 0.01434958]
 [3.65168594 7.883986   0.01496589]
 [0.01434958 0.01496589 1.91802214]]
time assembling system 0.047425800999917556
time in solving system 0.12506452400157286
time in solving system 0.06450790899907588
time in solving system 0.06269577099919843
[[8.15040365 3.78862659 0.05523017]
 [3.78862659 8.15168472 0.05544423]
 [0.05523017 0.05544423 2.01704344]]
time assembling system 0.0452523639996798
time in solving system 0.11016591699990386
time in solving system 0.05200097099987033
time in solving system 0.05543435100116767
[[ 7.95774772e+00  3.68929298e+00 -7.47180526e-03]
 [ 3.68929298e+00  7.94789918e+00 -7.16192025e-03]
 [-7.47180526e-03 -7.16192025e-03  1.93362342e+00]]
time assembling system 0.048594410000077914
time in solving system 0.11828957699981402
time in solving system 0.05318697499933478
time in solving system 0.05313969199960411
[[10.1242039   4.81886688 -0.02222135]
 [ 4.81886688 10.1132476  -0.0219513 ]
 [-0.02222135 -0.0219513   2.49605549]]
time assembling system 0.04613726599927759
time in solving system 0.11458733399922494
time in solving system 0.05516849899868248
time in solving system 0.0545695059990976
[[9.59011013 4.53408018 0.04331741]
 [4.53408018 9.59159805 0.04339612]
 [0.04331741 0.04339612 2.36494852]]
time assembling system 0.04681225400054245
time in solving system 0.1105944000009913
time in solving system 0.05322676199830312
time in solving system 0.06145159299921943
[[ 7.02556438  3.20665296 -0.00965624]
 [ 3.20665296  7.02554533 -0.00965416]
 [-0.00965624 -0.00965416  1.69689671]]
time assembling system 0.055514544001198374
time in solving system 0.125442128000941
time in solving system 0.05180069500056561
time in solving system 0.05198053300046013
[[ 7.47251076e+00  3.45442922e+00 -6.60139186e-03]
 [ 3.45442922e+00  7.45674358e+00 -5.72016117e-03]
 [-6.60139186e-03 -5.72016117e-03  1.81432707e+00]]
time assembling system 0.04925548600112961
time in solving system 0.1277192469988222
time in solving system 0.05912076699860336
time in solving system 0.058965909000107786
[[6.86191278e+00 3.12493025e+00 5.08298477e-03]
 [3.12493025e+00 6.86235047e+00 5.11977058e-03]
 [5.08298477e-03 5.11977058e-03 1.65370122e+00]]
time assembling system 0.04618631199991796
time in solving system 0.11020195499986585
time in solving system 0.053568527999232174
time in solving system 0.05466016399986984
[[ 9.0416171   4.25269595 -0.02946227]
 [ 4.25269595  9.02486532 -0.02856863]
 [-0.02946227 -0.02856863  2.22017053]]
time assembling system 0.048618165999869234
time in solving system 0.11816555900077219
time in solving system 0.05293357099981222
time in solving system 0.052484800000456744
[[8.53923618 3.99150291 0.03698794]
 [3.99150291 8.54682661 0.03761638]
 [0.03698794 0.03761638 2.09816263]]
time assembling system 0.048014849999162834
time in solving system 0.11622460599937767
time in solving system 0.05484975699982897
time in solving system 0.05449272700025176
[[ 9.88406705  4.69020452 -0.03499756]
 [ 4.69020452  9.88636559 -0.03508706]
 [-0.03499756 -0.03508706  2.43691141]]
time assembling system 0.04649866500039934
time in solving system 0.11039198500111524
time in solving system 0.056447603999913554
time in solving system 0.05995255800007726
[[ 8.74739088  4.09904787 -0.04131152]
 [ 4.09904787  8.74664999 -0.04124979]
 [-0.04131152 -0.04124979  2.15343121]]
time assembling system 0.05714273800003866
time in solving system 0.1525235419994715
time in solving system 0.05672875600066618
time in solving system 0.054642704999423586
[[ 7.41175413e+00  3.41750039e+00 -7.30534529e-03]
 [ 3.41750039e+00  7.40777763e+00 -7.16569170e-03]
 [-7.30534529e-03 -7.16569170e-03  1.79712436e+00]]
time assembling system 0.054051503000664525
time in solving system 0.13106080100078543
time in solving system 0.06212434000008216
time in solving system 0.05691208399912284
[[ 6.47674002  2.94884687 -0.01161734]
 [ 2.94884687  6.47878635 -0.01080851]
 [-0.01161734 -0.01080851  1.56716568]]
time assembling system 0.048984215000018594
time in solving system 0.12686584799848788
time in solving system 0.06017353199968056
time in solving system 0.06009441800051718
[[ 9.43713708  4.45405407 -0.03355457]
 [ 4.45405407  9.43283726 -0.03336549]
 [-0.03355457 -0.03336549  2.32064201]]
time assembling system 0.049101894999694196
time in solving system 0.1166135569983453
time in solving system 0.056069336000291514
time in solving system 0.06059919699873717
[[ 6.58098761  2.99265258 -0.0102204 ]
 [ 2.99265258  6.5809023  -0.00989054]
 [-0.0102204  -0.00989054  1.58933907]]
time assembling system 0.052797668999119196
time in solving system 0.11552157099868055
time in solving system 0.053964641998391016
time in solving system 0.05477932699977828
[[8.35437594 3.89861627 0.01232044]
 [3.89861627 8.33195405 0.01144217]
 [0.01232044 0.01144217 2.03791377]]
time assembling system 0.06087057900003856
time in solving system 0.12510090799878526
time in solving system 0.052804786999331554
time in solving system 0.052987794999353355
[[8.08228531 3.77235554 0.01096059]
 [3.77235554 8.09756548 0.01142758]
 [0.01096059 0.01142758 1.97383057]]
time assembling system 0.04710574099954101
time in solving system 0.17741230499996163
time in solving system 0.09520854900074482
time in solving system 0.09264883899959386
[[9.00818831 4.23360014 0.02875844]
 [4.23360014 9.00905261 0.02880045]
 [0.02875844 0.02880045 2.21074547]]
time assembling system 0.05133281200141937
time in solving system 0.1198602189997473
time in solving system 0.07642151599975477
time in solving system 0.057902377000573324
[[ 8.49903499  3.96689814 -0.05673335]
 [ 3.96689814  8.4951154  -0.0562219 ]
 [-0.05673335 -0.0562219   2.1019881 ]]
time assembling system 0.05067181400045229
time in solving system 0.11822637399927771
time in solving system 0.0555466730002081
time in solving system 0.05601228299929062
[[ 7.30017458  3.36044158 -0.02975153]
 [ 3.36044158  7.29469422 -0.02814255]
 [-0.02975153 -0.02814255  1.78587068]]
time assembling system 0.07660258499890915
time in solving system 0.18009397300011187
time in solving system 0.054440734998934204
time in solving system 0.0535048719993938
[[8.92761097e+00 4.21128066e+00 4.68190606e-04]
 [4.21128066e+00 8.96059004e+00 5.31358724e-04]
 [4.68190606e-04 5.31358724e-04 2.19098260e+00]]
time assembling system 0.05857615199965949
time in solving system 0.20582823400036432
time in solving system 0.057968105998952524
time in solving system 0.05256992700014962
[[7.03499266 3.2120099  0.01134893]
 [3.2120099  7.0348826  0.01133493]
 [0.01134893 0.01133493 1.70059206]]
time assembling system 0.05719538800076407
time in solving system 0.139930049999748
time in solving system 0.06984136500068416
time in solving system 0.060844743999041384
[[7.65625626 3.53510267 0.03334336]
 [3.53510267 7.65573354 0.03325608]
 [0.03334336 0.03325608 1.87644403]]
time assembling system 0.04876937500011991
time in solving system 0.14204254600008426
time in solving system 0.06009440399975574
time in solving system 0.06316996299938182
[[7.58852966 3.50167798 0.04682382]
 [3.50167798 7.58683873 0.04638445]
 [0.04682382 0.04638445 1.87348045]]
time assembling system 0.055879280998851755
time in solving system 0.1217406089999713
time in solving system 0.05775383000036527
time in solving system 0.06250544900103705
[[8.61627497e+00 4.03121433e+00 8.06234598e-03]
 [4.03121433e+00 8.62091301e+00 8.13155808e-03]
 [8.06234598e-03 8.13155808e-03 2.10298946e+00]]
time assembling system 0.05638358000032895
time in solving system 0.12410414499936451
time in solving system 0.056032243999652565
time in solving system 0.05773793199841748
[[7.24528408 3.31939956 0.01139188]
 [3.31939956 7.24438798 0.01131001]
 [0.01139188 0.01131001 1.75344097]]
time assembling system 0.057315418000143836
time in solving system 0.2022319059997244
time in solving system 0.06308640800125431
time in solving system 0.05609683699913148
[[ 7.80618982  3.61335659 -0.04563006]
 [ 3.61335659  7.80243438 -0.04488818]
 [-0.04563006 -0.04488818  1.92329201]]
time assembling system 0.052154842000163626
time in solving system 0.13747907300057705
time in solving system 0.060251158000028227
time in solving system 0.07362835700041614
[[8.61646322e+00 4.03433948e+00 8.44694111e-03]
 [4.03433948e+00 8.59533857e+00 8.13152698e-03]
 [8.44694111e-03 8.13152698e-03 2.10380780e+00]]
time assembling system 0.04950155400001677
time in solving system 0.11487787700025365
time in solving system 0.054110658000354306
time in solving system 0.05643670300014492
[[ 6.45596701e+00  2.92459617e+00 -4.84119228e-03]
 [ 2.92459617e+00  6.45593123e+00 -4.98793465e-03]
 [-4.84119228e-03 -4.98793465e-03  1.55349700e+00]]
time assembling system 0.05587949199980358
time in solving system 0.1539469529998314
time in solving system 0.06409697600065556
time in solving system 0.05859412199970393
[[ 7.07607319  3.23660802 -0.01363434]
 [ 3.23660802  7.07557238 -0.01355249]
 [-0.01363434 -0.01355249  1.71440586]]
time assembling system 0.06013835600060702
time in solving system 0.1448378170007345
time in solving system 0.05642000899933919
time in solving system 0.04962802199952421
[[8.39570423e+00 3.92783171e+00 1.03379059e-04]
 [3.92783171e+00 8.35759805e+00 2.12894358e-04]
 [1.03379059e-04 2.12894358e-04 2.04890960e+00]]
time assembling system 0.05614643800072372
time in solving system 0.1398358679998637
time in solving system 0.07123880099970847
time in solving system 0.05523781800002325
[[7.23685622 3.31932014 0.0140244 ]
 [3.31932014 7.23916526 0.01429311]
 [0.0140244  0.01429311 1.75437432]]
time assembling system 0.04869316500116838
time in solving system 0.12866349700016144
time in solving system 0.06230031199993391
time in solving system 0.06762131300092733
[[8.97424786 4.21897369 0.01022446]
 [4.21897369 8.95506941 0.00980375]
 [0.01022446 0.00980375 2.19620368]]
time assembling system 0.05883325899958436
time in solving system 0.10577766800088284
time in solving system 0.050399142999594915
time in solving system 0.05244130399842106
[[ 7.80570034  3.61750267 -0.03185672]
 [ 3.61750267  7.81342545 -0.03298554]
 [-0.03185672 -0.03298554  1.91436996]]
time assembling system 0.050133602000641986
time in solving system 0.16973462700116215
time in solving system 0.050064960998497554
time in solving system 0.056659039999431116
[[7.32928272 3.36759212 0.01879767]
 [3.36759212 7.32975439 0.01886878]
 [0.01879767 0.01886878 1.78269003]]
time assembling system 0.051909691999753704
time in solving system 0.15736866500083124
time in solving system 0.07054112200057716
time in solving system 0.06081894999988435
[[ 8.17802041  3.79734108 -0.01261071]
 [ 3.79734108  8.17819168 -0.01261665]
 [-0.01261071 -0.01261665  1.98943817]]
time assembling system 0.051375408000239986
time in solving system 0.11915810100072122
time in solving system 0.09110624999993888
time in solving system 0.069518156000413
[[5.89263430e+00 2.64855113e+00 6.01886191e-04]
 [2.64855113e+00 5.89326255e+00 5.87888379e-04]
 [6.01886191e-04 5.87888379e-04 1.41273170e+00]]
time assembling system 0.04757554900061223
time in solving system 0.11282860800019989
time in solving system 0.06324530399979267
time in solving system 0.07435847299893794
[[7.00102129 3.20578711 0.00989106]
 [3.20578711 7.00444246 0.01040281]
 [0.00989106 0.01040281 1.69453742]]
time assembling system 0.05964164599936339
time in solving system 0.11381719900055032
time in solving system 0.055054086000382085
time in solving system 0.06769541500034393
[[ 8.99012603  4.22248033 -0.02969871]
 [ 4.22248033  8.99339114 -0.02985728]
 [-0.02969871 -0.02985728  2.20573358]]
time assembling system 0.06874563900055364
time in solving system 0.13271350700051698
time in solving system 0.09003079899957811
time in solving system 0.07213982600114832
[[ 6.42330982  2.91700167 -0.00703458]
 [ 2.91700167  6.42436931 -0.0067331 ]
 [-0.00703458 -0.0067331   1.54864006]]
time assembling system 0.05307160099982866
time in solving system 0.1747325340002135
time in solving system 0.07596354499946756
time in solving system 0.05507009100074356
[[ 8.70287731e+00  4.07452383e+00 -2.88033009e-03]
 [ 4.07452383e+00  8.68349047e+00 -2.75527094e-03]
 [-2.88033009e-03 -2.75527094e-03  2.12352048e+00]]
time assembling system 0.049657067998850835
time in solving system 0.1358345280004869
time in solving system 0.07781873899875791
time in solving system 0.06114454099952127
[[10.6471832   5.09064306  0.01895938]
 [ 5.09064306 10.64771292  0.01896838]
 [ 0.01895938  0.01896838  2.62867739]]
time assembling system 0.046329947999765864
time in solving system 0.11587337600030878
time in solving system 0.05235065300075803
time in solving system 0.06315892999919015
[[ 7.46055423  3.43537186 -0.02962854]
 [ 3.43537186  7.46083476 -0.02968025]
 [-0.02962854 -0.02968025  1.82355683]]
time assembling system 0.07642110800043156
time in solving system 0.12490536399855046
time in solving system 0.05270168999959424
time in solving system 0.0551353039991227
[[ 7.6333632   3.52090266 -0.02573309]
 [ 3.52090266  7.63102899 -0.02543487]
 [-0.02573309 -0.02543487  1.86244314]]
time assembling system 0.0547907939999277
time in solving system 0.14249007400030678
time in solving system 0.060802050998972845
time in solving system 0.05491376100144407
[[8.76954128e+00 4.10517949e+00 8.48368408e-03]
 [4.10517949e+00 8.76962290e+00 8.48494067e-03]
 [8.48368408e-03 8.48494067e-03 2.13997205e+00]]
time assembling system 0.04902805699930468
time in solving system 0.1246091000011802
time in solving system 0.07366136000018741
time in solving system 0.06638572000156273
[[ 8.5028914   3.96769164 -0.05019645]
 [ 3.96769164  8.50358162 -0.05027269]
 [-0.05019645 -0.05027269  2.09713539]]
time assembling system 0.05106096700001217
time in solving system 0.12734977799846092
time in solving system 0.05054144499990798
time in solving system 0.05860917599966342
[[9.10698206 4.30441251 0.02116089]
 [4.30441251 9.13037829 0.02219589]
 [0.02116089 0.02219589 2.24217318]]
time assembling system 0.05405753500053834
time in solving system 0.12069972800054529
time in solving system 0.053142532999117975
time in solving system 0.0554242369998974
[[ 7.57143574  3.49269021 -0.02283518]
 [ 3.49269021  7.57459101 -0.02321874]
 [-0.02283518 -0.02321874  1.8452079 ]]
time assembling system 0.05250400700060709
time in solving system 0.12442924099923403
time in solving system 0.05982147300164797
time in solving system 0.057457416000033845
[[ 9.10893421  4.29345212 -0.01305404]
 [ 4.29345212  9.10159147 -0.01285717]
 [-0.01305404 -0.01285717  2.23388285]]
time assembling system 0.04915933300071629
time in solving system 0.125476155000797
time in solving system 0.06523520999871835
time in solving system 0.06846602000041457
[[ 8.87092485  4.17472332 -0.0242969 ]
 [ 4.17472332  8.87789141 -0.02468202]
 [-0.0242969  -0.02468202  2.17993533]]
time assembling system 0.051495371999408235
time in solving system 0.1395186219997413
time in solving system 0.05817223499980173
time in solving system 0.07474125699991419
[[ 7.5020676   3.45297608 -0.00919668]
 [ 3.45297608  7.50136619 -0.00915584]
 [-0.00919668 -0.00915584  1.81804995]]
time assembling system 0.05720554800063837
time in solving system 0.12756616400110943
time in solving system 0.05702313400070125
time in solving system 0.05639487299959001
[[8.52970394e+00 3.98344494e+00 8.42069286e-03]
 [3.98344494e+00 8.52397502e+00 8.30139498e-03]
 [8.42069286e-03 8.30139498e-03 2.07965331e+00]]
time assembling system 0.051766373000646126
time in solving system 0.128951713000788
time in solving system 0.059845367999514565
time in solving system 0.055221009999513626
[[ 9.24816367e+00  4.37368474e+00 -2.60867836e-04]
 [ 4.37368474e+00  9.27685630e+00 -2.67504010e-04]
 [-2.60867836e-04 -2.67504010e-04  2.27182575e+00]]
time assembling system 0.04919103000065661
time in solving system 0.13144546700095816
time in solving system 0.058024584999657236
time in solving system 0.058831668000493664
[[ 8.81492425e+00  4.13418908e+00 -7.94718639e-03]
 [ 4.13418908e+00  8.81423150e+00 -7.93526785e-03]
 [-7.94718639e-03 -7.93526785e-03  2.15405357e+00]]
time assembling system 0.06406572400010191
time in solving system 0.12895152399869403
time in solving system 0.07135568800003966
time in solving system 0.10046721199978492
[[ 8.93968617  4.19976146 -0.01254652]
 [ 4.19976146  8.93874762 -0.01252379]
 [-0.01254652 -0.01252379  2.18750719]]
time assembling system 0.04914384100084135
time in solving system 0.11404123600004823
time in solving system 0.055791185000998667
time in solving system 0.05812547599998652
[[6.93873388e+00 3.17381033e+00 3.67381676e-03]
 [3.17381033e+00 6.93689213e+00 3.61409516e-03]
 [3.67381676e-03 3.61409516e-03 1.67555265e+00]]
time assembling system 0.0594689310000831
time in solving system 0.14475681000112672
time in solving system 0.05872041399925365
time in solving system 0.054843899999468704
[[8.35040408 3.88800085 0.01826943]
 [3.88800085 8.34980252 0.0182423 ]
 [0.01826943 0.0182423  2.03639397]]
time assembling system 0.04825956700005918
time in solving system 0.13322328300091613
time in solving system 0.06039468899871281
time in solving system 0.058548443999825395
[[6.96673187 3.18764371 0.01837319]
 [3.18764371 6.96602579 0.01814769]
 [0.01837319 0.01814769 1.69197988]]
time assembling system 0.04868785399958142
time in solving system 0.12100455899962981
time in solving system 0.05743713199990452
time in solving system 0.059791637999296654
[[ 9.49518855  4.49001898 -0.05674534]
 [ 4.49001898  9.49453291 -0.0566927 ]
 [-0.05674534 -0.0566927   2.35266197]]
time assembling system 0.05410901199866203
time in solving system 0.12405661899902043
time in solving system 0.05566042499958712
time in solving system 0.05496855300043535
[[9.29128309 4.3786994  0.02334398]
 [4.3786994  9.29176679 0.02335954]
 [0.02334398 0.02335954 2.27911145]]
time assembling system 0.06552713899873197
time in solving system 0.15911791100006667
time in solving system 0.059124940999026876
time in solving system 0.054674048000379116
[[6.59362542e+00 2.99513167e+00 2.97274954e-03]
 [2.99513167e+00 6.59361866e+00 2.97168984e-03]
 [2.97274954e-03 2.97168984e-03 1.58713711e+00]]
time assembling system 0.04833752000013192
time in solving system 0.12931222100087325
time in solving system 0.06454302599922812
time in solving system 0.07048942800065561
[[ 8.65748163e+00  4.08337477e+00 -3.32293263e-03]
 [ 4.08337477e+00  8.70108295e+00 -3.69476171e-03]
 [-3.32293263e-03 -3.69476171e-03  2.12672291e+00]]
time assembling system 0.053050203998282086
time in solving system 0.12410889399870939
time in solving system 0.05828643200038641
time in solving system 0.06026030300017737
[[ 6.23409354  2.81318792 -0.006241  ]
 [ 2.81318792  6.23403049 -0.0062593 ]
 [-0.006241   -0.0062593   1.49930506]]
time assembling system 0.055627413999900455
time in solving system 0.1272569550001208
time in solving system 0.05642575500132807
time in solving system 0.05669564599884325
[[9.30063828e+00 4.39135020e+00 6.68554497e-03]
 [4.39135020e+00 9.31422868e+00 6.81732741e-03]
 [6.68554497e-03 6.81732741e-03 2.28099761e+00]]
time assembling system 0.05141145599918673
time in solving system 0.12199264800074161
time in solving system 0.06301657699987118
time in solving system 0.08340294399931736
[[9.21920231 4.34122024 0.02744024]
 [4.34122024 9.20829923 0.02699203]
 [0.02744024 0.02699203 2.26247239]]
time assembling system 0.05082752799899026
time in solving system 0.17047684399949503
time in solving system 0.06935264799903962
time in solving system 0.06410259299991594
[[ 9.03681904e+00  4.24618302e+00 -6.50080504e-03]
 [ 4.24618302e+00  9.03451426e+00 -6.47574636e-03]
 [-6.50080504e-03 -6.47574636e-03  2.20920683e+00]]
time assembling system 0.05248356299853185
time in solving system 0.1309366069999669
time in solving system 0.06871391300046525
time in solving system 0.06585817099949054
[[ 8.29716962e+00  3.88215566e+00 -5.40808432e-03]
 [ 3.88215566e+00  8.32207518e+00 -5.75457052e-03]
 [-5.40808432e-03 -5.75457052e-03  2.02767572e+00]]
