Solving linear variational problem.
time assembling system 0.05253838499993435
time in solving system 0.142880266001157
time in solving system 0.05282029099907959
time in solving system 0.053670954001063365
[[ 8.9757178   4.21318566 -0.00972673]
 [ 4.21318566  8.97575976 -0.00972739]
 [-0.00972673 -0.00972739  2.19347935]]
time assembling system 0.051107060000504134
time in solving system 0.14162667100026738
time in solving system 0.053939229999741656
time in solving system 0.05279421799968986
[[ 7.23655098e+00  3.33075053e+00 -3.06322338e-03]
 [ 3.33075053e+00  7.23956714e+00 -3.06011613e-03]
 [-3.06322338e-03 -3.06011613e-03  1.75310300e+00]]
time assembling system 0.05769882300046447
time in solving system 0.16338968600030057
time in solving system 0.05570722700031183
time in solving system 0.06060679700021865
[[7.21703328e+00 3.31347814e+00 6.33195612e-03]
 [3.31347814e+00 7.21701836e+00 6.33070107e-03]
 [6.33195612e-03 6.33070107e-03 1.74736375e+00]]
time assembling system 0.05182747999970161
time in solving system 0.14943947400024626
time in solving system 0.05611939300069935
time in solving system 0.05593505700016976
[[8.32565736e+00 3.87828819e+00 1.64612038e-03]
 [3.87828819e+00 8.32708714e+00 1.65579151e-03]
 [1.64612038e-03 1.65579151e-03 2.02668755e+00]]
time assembling system 0.051713511000343715
time in solving system 0.1381825270000263
time in solving system 0.055359234000206925
time in solving system 0.05662611399930029
[[1.04904906e+01 5.00756608e+00 8.20638949e-03]
 [5.00756608e+00 1.04814128e+01 8.13705500e-03]
 [8.20638949e-03 8.13705500e-03 2.58625815e+00]]
time assembling system 0.052126427999610314
time in solving system 0.14818019700032892
time in solving system 0.05590639399997599
time in solving system 0.05599689699920418
[[8.69981080e+00 4.07837217e+00 2.63445880e-03]
 [4.07837217e+00 8.66442777e+00 2.42448080e-03]
 [2.63445880e-03 2.42448080e-03 2.12469883e+00]]
time assembling system 0.050840382999012945
time in solving system 0.14203731900124694
time in solving system 0.06895314500070526
time in solving system 0.05203264699957799
[[ 8.47209043e+00  3.96493120e+00 -6.51558424e-03]
 [ 3.96493120e+00  8.44284925e+00 -5.74602222e-03]
 [-6.51558424e-03 -5.74602222e-03  2.06875753e+00]]
time assembling system 0.05274156099949323
time in solving system 0.15274326300095709
time in solving system 0.06002874199839425
time in solving system 0.08373945899984392
[[ 8.29673598  3.86905228 -0.01440377]
 [ 3.86905228  8.28044251 -0.0136138 ]
 [-0.01440377 -0.0136138   2.02449602]]
time assembling system 0.056906969999545254
time in solving system 0.15052311299950816
time in solving system 0.05652184499922441
time in solving system 0.058238134000930586
[[10.55569923  5.04343849 -0.02180239]
 [ 5.04343849 10.55851709 -0.02185885]
 [-0.02180239 -0.02185885  2.60613029]]
time assembling system 0.0538080539990915
time in solving system 0.14360732000022836
time in solving system 0.05624662199988961
time in solving system 0.06531362799978524
[[ 6.62142611  3.01096367 -0.02231112]
 [ 3.01096367  6.62142315 -0.02230243]
 [-0.02231112 -0.02230243  1.61441708]]
time assembling system 0.05397781899955589
time in solving system 0.1515508319989749
time in solving system 0.058483769000304164
time in solving system 0.05627124399870809
[[8.56916046 4.01281621 0.0342131 ]
 [4.01281621 8.568149   0.03412514]
 [0.0342131  0.03412514 2.10704262]]
time assembling system 0.0516700709995348
time in solving system 0.14159472199935408
time in solving system 0.057138645999657456
time in solving system 0.05574215599881427
[[7.1334266  3.27974821 0.01115116]
 [3.27974821 7.14052314 0.0123713 ]
 [0.01115116 0.0123713  1.73181865]]
time assembling system 0.053578132999973604
time in solving system 0.15275665999979537
time in solving system 0.05962610999995377
time in solving system 0.059449378999488545
[[ 7.66729424  3.54142697 -0.01074692]
 [ 3.54142697  7.65635964 -0.01015731]
 [-0.01074692 -0.01015731  1.86103786]]
time assembling system 0.05678406100014399
time in solving system 0.15077204299996083
time in solving system 0.05998502100010228
time in solving system 0.06024285799867357
[[9.73635924 4.61968016 0.03192806]
 [4.61968016 9.74559236 0.03230203]
 [0.03192806 0.03230203 2.40141959]]
time assembling system 0.061074830999132246
time in solving system 0.14800821599965275
time in solving system 0.05688914299935277
time in solving system 0.057817238999632536
[[ 8.53364334  3.99139384 -0.04777228]
 [ 3.99139384  8.53030419 -0.04737817]
 [-0.04777228 -0.04737817  2.10690335]]
time assembling system 0.05678359699959401
time in solving system 0.14836284699958924
time in solving system 0.06436759200005326
time in solving system 0.05743866800003161
[[7.17739187 3.29602934 0.03282449]
 [3.29602934 7.17913046 0.03349325]
 [0.03282449 0.03349325 1.76034811]]
time assembling system 0.05675948200041603
time in solving system 0.15419763600039005
time in solving system 0.05381207299978996
time in solving system 0.05452729100034048
[[ 6.98153751  3.19021745 -0.02348346]
 [ 3.19021745  6.98139784 -0.0234347 ]
 [-0.02348346 -0.0234347   1.70145808]]
time assembling system 0.052921884998795576
time in solving system 0.1385579020006844
time in solving system 0.056090539999786415
time in solving system 0.05521398400014732
[[ 6.54840884  2.97413724 -0.00808387]
 [ 2.97413724  6.54856157 -0.00848309]
 [-0.00808387 -0.00848309  1.57972497]]
time assembling system 0.05109688199991069
time in solving system 0.13890371799971035
time in solving system 0.05460743399999046
time in solving system 0.055659453000771464
[[ 8.63809861  4.04105127 -0.02248743]
 [ 4.04105127  8.62377055 -0.02177226]
 [-0.02248743 -0.02177226  2.11291287]]
time assembling system 0.07813957500002289
time in solving system 0.14317939200009278
time in solving system 0.08561203499994008
time in solving system 0.08414171199910925
[[ 6.82857021  3.11925558 -0.02297376]
 [ 3.11925558  6.82831432 -0.02276707]
 [-0.02297376 -0.02276707  1.6640482 ]]
time assembling system 0.05302506199950585
time in solving system 0.14892566200069268
time in solving system 0.05562959400049294
time in solving system 0.055730890000631916
[[10.46364186  4.99395923 -0.01923759]
 [ 4.99395923 10.46352222 -0.01923545]
 [-0.01923759 -0.01923545  2.58084877]]
time assembling system 0.053542597001069225
time in solving system 0.14834651999990456
time in solving system 0.06534633000046597
time in solving system 0.05883673299831571
[[ 6.53350136  2.97389787 -0.02570418]
 [ 2.97389787  6.53362845 -0.02555579]
 [-0.02570418 -0.02555579  1.59891779]]
time assembling system 0.05215510500056553
time in solving system 0.14248327999848698
time in solving system 0.05532184799994866
time in solving system 0.057266969999545836
[[8.17801607e+00 3.80604893e+00 7.81303939e-03]
 [3.80604893e+00 8.17496634e+00 7.75990240e-03]
 [7.81303939e-03 7.75990240e-03 1.99096400e+00]]
time assembling system 0.05342037699847424
time in solving system 0.14517990899912547
time in solving system 0.05359087000033469
time in solving system 0.054491024999151705
[[ 9.15369513  4.30759245 -0.04269082]
 [ 4.30759245  9.15723837 -0.04291915]
 [-0.04269082 -0.04291915  2.25483568]]
time assembling system 0.047938649000570877
time in solving system 0.13509573599912983
time in solving system 0.05197064799904183
time in solving system 0.05190665999907651
[[ 9.9047217   4.70398654 -0.02457712]
 [ 4.70398654  9.88635638 -0.02401713]
 [-0.02457712 -0.02401713  2.44014256]]
time assembling system 0.05046865699841874
time in solving system 0.13368213899957482
time in solving system 0.051707786000406486
time in solving system 0.051535809001507005
[[8.08595241 3.76664814 0.00829047]
 [3.76664814 8.10070904 0.00863404]
 [0.00829047 0.00863404 1.97121568]]
time assembling system 0.04757760499887809
time in solving system 0.13332319999972242
time in solving system 0.05208090700034518
time in solving system 0.05157409700041171
[[ 8.93943233e+00  4.20254635e+00 -7.50692541e-03]
 [ 4.20254635e+00  8.95025264e+00 -7.66572341e-03]
 [-7.50692541e-03 -7.66572341e-03  2.18772949e+00]]
time assembling system 0.04836733299998741
time in solving system 0.13415756699941994
time in solving system 0.050667193998378934
time in solving system 0.05054189900147321
[[ 9.80893202  4.65194984 -0.01206667]
 [ 4.65194984  9.80575526 -0.01202148]
 [-0.01206667 -0.01202148  2.41065013]]
time assembling system 0.046416533999945386
time in solving system 0.12978792600006273
time in solving system 0.05025241799921787
time in solving system 0.05071305999990727
[[7.87411272 3.65168594 0.01434958]
 [3.65168594 7.883986   0.01496589]
 [0.01434958 0.01496589 1.91802214]]
time assembling system 0.047256181000193465
time in solving system 0.13855777199933073
time in solving system 0.05156482700112974
time in solving system 0.05197404499995173
[[8.15040365 3.78862659 0.05523017]
 [3.78862659 8.15168472 0.05544423]
 [0.05523017 0.05544423 2.01704344]]
time assembling system 0.046806915999695775
time in solving system 0.14379373399970063
time in solving system 0.05277978500089375
time in solving system 0.05016049399819167
[[ 7.95774772e+00  3.68929298e+00 -7.47180526e-03]
 [ 3.68929298e+00  7.94789918e+00 -7.16192025e-03]
 [-7.47180526e-03 -7.16192025e-03  1.93362342e+00]]
time assembling system 0.04777254299915512
time in solving system 0.14631601099972613
time in solving system 0.050657961999604595
time in solving system 0.05112740399999893
[[10.1242039   4.81886688 -0.02222135]
 [ 4.81886688 10.1132476  -0.0219513 ]
 [-0.02222135 -0.0219513   2.49605549]]
time assembling system 0.04703406899898255
time in solving system 0.13534088600135874
time in solving system 0.0541465780006547
time in solving system 0.05418605100021523
[[9.59011013 4.53408018 0.04331741]
 [4.53408018 9.59159805 0.04339612]
 [0.04331741 0.04339612 2.36494852]]
time assembling system 0.04820019299950218
time in solving system 0.13516004299890483
time in solving system 0.051889934000428184
time in solving system 0.051824320000378066
[[ 7.02556438  3.20665296 -0.00965624]
 [ 3.20665296  7.02554533 -0.00965416]
 [-0.00965624 -0.00965416  1.69689671]]
time assembling system 0.04793893199894228
time in solving system 0.134350603000712
time in solving system 0.051861387999451836
time in solving system 0.05192640499990375
[[ 7.47251076e+00  3.45442922e+00 -6.60139186e-03]
 [ 3.45442922e+00  7.45674358e+00 -5.72016117e-03]
 [-6.60139186e-03 -5.72016117e-03  1.81432707e+00]]
time assembling system 0.06250533899947186
time in solving system 0.15020446100061235
time in solving system 0.051940987999842037
time in solving system 0.05334508600026311
[[6.86191278e+00 3.12493025e+00 5.08298477e-03]
 [3.12493025e+00 6.86235047e+00 5.11977058e-03]
 [5.08298477e-03 5.11977058e-03 1.65370122e+00]]
time assembling system 0.046102887999950326
time in solving system 0.12711477300035767
time in solving system 0.04999689800024498
time in solving system 0.04900873199949274
[[ 9.0416171   4.25269595 -0.02946227]
 [ 4.25269595  9.02486532 -0.02856863]
 [-0.02946227 -0.02856863  2.22017053]]
time assembling system 0.046336894998603384
time in solving system 0.13222554599997238
time in solving system 0.04968175700014399
time in solving system 0.0492574740001146
[[8.53923618 3.99150291 0.03698794]
 [3.99150291 8.54682661 0.03761638]
 [0.03698794 0.03761638 2.09816263]]
time assembling system 0.04514721499981533
time in solving system 0.1278041719997418
time in solving system 0.04936557800101582
time in solving system 0.05316861999926914
[[ 9.88406705  4.69020452 -0.03499756]
 [ 4.69020452  9.88636559 -0.03508706]
 [-0.03499756 -0.03508706  2.43691141]]
time assembling system 0.04657612099981634
time in solving system 0.1496101840002666
time in solving system 0.04831468499833136
time in solving system 0.04779790599968692
[[ 8.74739088  4.09904787 -0.04131152]
 [ 4.09904787  8.74664999 -0.04124979]
 [-0.04131152 -0.04124979  2.15343121]]
time assembling system 0.0628103180006292
time in solving system 0.1512118590017053
time in solving system 0.04863043499972264
time in solving system 0.048685837999073556
[[ 7.41175413e+00  3.41750039e+00 -7.30534529e-03]
 [ 3.41750039e+00  7.40777763e+00 -7.16569170e-03]
 [-7.30534529e-03 -7.16569170e-03  1.79712436e+00]]
time assembling system 0.04378842099868052
time in solving system 0.12600372299857554
time in solving system 0.0484792049992393
time in solving system 0.04816761199981556
[[ 6.47674002  2.94884687 -0.01161734]
 [ 2.94884687  6.47878635 -0.01080851]
 [-0.01161734 -0.01080851  1.56716568]]
time assembling system 0.04435880900018674
time in solving system 0.12540774300032353
time in solving system 0.04825794599855726
time in solving system 0.047812953000175185
[[ 9.43713708  4.45405407 -0.03355457]
 [ 4.45405407  9.43283726 -0.03336549]
 [-0.03355457 -0.03336549  2.32064201]]
time assembling system 0.0436633699991944
time in solving system 0.12611472899880027
time in solving system 0.04859041099916794
time in solving system 0.04844078299902321
[[ 6.58098761  2.99265258 -0.0102204 ]
 [ 2.99265258  6.5809023  -0.00989054]
 [-0.0102204  -0.00989054  1.58933907]]
time assembling system 0.04420461700101441
time in solving system 0.1241280000012921
time in solving system 0.049788127000283566
time in solving system 0.04828347299917368
[[8.35437594 3.89861627 0.01232044]
 [3.89861627 8.33195405 0.01144217]
 [0.01232044 0.01144217 2.03791377]]
time assembling system 0.04419405199951143
time in solving system 0.12741035900035058
time in solving system 0.048036353999123094
time in solving system 0.047899228000460425
[[8.08228531 3.77235554 0.01096059]
 [3.77235554 8.09756548 0.01142758]
 [0.01096059 0.01142758 1.97383057]]
time assembling system 0.043568547000177205
time in solving system 0.12485336800091318
time in solving system 0.04832969500057516
time in solving system 0.04880965499978629
[[9.00818831 4.23360014 0.02875844]
 [4.23360014 9.00905261 0.02880045]
 [0.02875844 0.02880045 2.21074547]]
time assembling system 0.04463284500161535
time in solving system 0.1268249589993502
time in solving system 0.04811191899898404
time in solving system 0.04828682100014703
[[ 8.49903499  3.96689814 -0.05673335]
 [ 3.96689814  8.4951154  -0.0562219 ]
 [-0.05673335 -0.0562219   2.1019881 ]]
time assembling system 0.04420447600023181
time in solving system 0.12414421100038453
time in solving system 0.048556468998867786
time in solving system 0.0484337020006933
[[ 7.30017458  3.36044158 -0.02975153]
 [ 3.36044158  7.29469422 -0.02814255]
 [-0.02975153 -0.02814255  1.78587068]]
time assembling system 0.04419192900058988
time in solving system 0.12678296400008549
time in solving system 0.04928822599867999
time in solving system 0.04834293699968839
[[8.92761097e+00 4.21128066e+00 4.68190606e-04]
 [4.21128066e+00 8.96059004e+00 5.31358724e-04]
 [4.68190606e-04 5.31358724e-04 2.19098260e+00]]
time assembling system 0.04429513300055987
time in solving system 0.12424126299993077
time in solving system 0.04803584999899613
time in solving system 0.047901422998620546
[[7.03499266 3.2120099  0.01134893]
 [3.2120099  7.0348826  0.01133493]
 [0.01134893 0.01133493 1.70059206]]
time assembling system 0.04399609100073576
time in solving system 0.12933863699981885
time in solving system 0.04853383299996494
time in solving system 0.04888064700026007
[[7.65625626 3.53510267 0.03334336]
 [3.53510267 7.65573354 0.03325608]
 [0.03334336 0.03325608 1.87644403]]
time assembling system 0.04437958399830677
time in solving system 0.1240577860007761
time in solving system 0.04795327299871133
time in solving system 0.04985023200060823
[[7.58852966 3.50167798 0.04682382]
 [3.50167798 7.58683873 0.04638445]
 [0.04682382 0.04638445 1.87348045]]
time assembling system 0.0448672880011145
time in solving system 0.12670465400151443
time in solving system 0.04804575099842623
time in solving system 0.04794421699989471
[[8.61627497e+00 4.03121433e+00 8.06234598e-03]
 [4.03121433e+00 8.62091301e+00 8.13155808e-03]
 [8.06234598e-03 8.13155808e-03 2.10298946e+00]]
time assembling system 0.0438560350012267
time in solving system 0.1242979300004663
time in solving system 0.048380007001469494
time in solving system 0.048183820999838645
[[7.24528408 3.31939956 0.01139188]
 [3.31939956 7.24438798 0.01131001]
 [0.01139188 0.01131001 1.75344097]]
time assembling system 0.04475871100112272
time in solving system 0.12686098700032744
time in solving system 0.048056686000563786
time in solving system 0.04810326400001941
[[ 7.80618982  3.61335659 -0.04563006]
 [ 3.61335659  7.80243438 -0.04488818]
 [-0.04563006 -0.04488818  1.92329201]]
time assembling system 0.04432037600054173
time in solving system 0.1245023619994754
time in solving system 0.04805966999992961
time in solving system 0.04792381600054796
[[8.61646322e+00 4.03433948e+00 8.44694111e-03]
 [4.03433948e+00 8.59533857e+00 8.13152698e-03]
 [8.44694111e-03 8.13152698e-03 2.10380780e+00]]
time assembling system 0.044303365000814665
time in solving system 0.12636957200083998
time in solving system 0.04777215200010687
time in solving system 0.04859871999906318
[[ 6.45596701e+00  2.92459617e+00 -4.84119228e-03]
 [ 2.92459617e+00  6.45593123e+00 -4.98793465e-03]
 [-4.84119228e-03 -4.98793465e-03  1.55349700e+00]]
time assembling system 0.04354900999896927
time in solving system 0.12347262599905662
time in solving system 0.04817022000133875
time in solving system 0.04761863500061736
[[ 7.07607319  3.23660802 -0.01363434]
 [ 3.23660802  7.07557238 -0.01355249]
 [-0.01363434 -0.01355249  1.71440586]]
time assembling system 0.04398837500048103
time in solving system 0.12656568399870594
time in solving system 0.04788265900060651
time in solving system 0.047854554000878124
[[8.39570423e+00 3.92783171e+00 1.03379059e-04]
 [3.92783171e+00 8.35759805e+00 2.12894358e-04]
 [1.03379059e-04 2.12894358e-04 2.04890960e+00]]
time assembling system 0.044631849999859696
time in solving system 0.12508542199975636
time in solving system 0.048331416001019534
time in solving system 0.04816642399964621
[[7.23685622 3.31932014 0.0140244 ]
 [3.31932014 7.23916526 0.01429311]
 [0.0140244  0.01429311 1.75437432]]
time assembling system 0.0447857559993281
time in solving system 0.12712501600071846
time in solving system 0.048012416000347
time in solving system 0.04852951799875882
[[8.97424786 4.21897369 0.01022446]
 [4.21897369 8.95506941 0.00980375]
 [0.01022446 0.00980375 2.19620368]]
time assembling system 0.04481780000060098
time in solving system 0.1247858830010955
time in solving system 0.0475056190007308
time in solving system 0.0479565179994097
[[ 7.80570034  3.61750267 -0.03185672]
 [ 3.61750267  7.81342545 -0.03298554]
 [-0.03185672 -0.03298554  1.91436996]]
time assembling system 0.044379103999744984
time in solving system 0.14754332300071837
time in solving system 0.04989265899894235
time in solving system 0.04841506099910475
[[7.32928272 3.36759212 0.01879767]
 [3.36759212 7.32975439 0.01886878]
 [0.01879767 0.01886878 1.78269003]]
time assembling system 0.04415758400136838
time in solving system 0.12393573200097308
time in solving system 0.04796278799949505
time in solving system 0.04894580799918913
[[ 8.17802041  3.79734108 -0.01261071]
 [ 3.79734108  8.17819168 -0.01261665]
 [-0.01261071 -0.01261665  1.98943817]]
time assembling system 0.04452921200027049
time in solving system 0.12671342400062713
time in solving system 0.0484908610014827
time in solving system 0.04839732599975832
[[5.89263430e+00 2.64855113e+00 6.01886191e-04]
 [2.64855113e+00 5.89326255e+00 5.87888379e-04]
 [6.01886191e-04 5.87888379e-04 1.41273170e+00]]
time assembling system 0.04625596099867835
time in solving system 0.12388780299988866
time in solving system 0.048269943001287174
time in solving system 0.04831168499913474
[[7.00102129 3.20578711 0.00989106]
 [3.20578711 7.00444246 0.01040281]
 [0.00989106 0.01040281 1.69453742]]
time assembling system 0.04442791700057569
time in solving system 0.12594972399892868
time in solving system 0.04793935700035945
time in solving system 0.047805513999264804
[[ 8.99012603  4.22248033 -0.02969871]
 [ 4.22248033  8.99339114 -0.02985728]
 [-0.02969871 -0.02985728  2.20573358]]
time assembling system 0.04497454000011203
time in solving system 0.12997293999978865
time in solving system 0.05499890299870458
time in solving system 0.049904096998943714
[[ 6.42330982  2.91700167 -0.00703458]
 [ 2.91700167  6.42436931 -0.0067331 ]
 [-0.00703458 -0.0067331   1.54864006]]
time assembling system 0.0444579729992256
time in solving system 0.12580882100155577
time in solving system 0.04807334500037541
time in solving system 0.04798890999882133
[[ 8.70287731e+00  4.07452383e+00 -2.88033009e-03]
 [ 4.07452383e+00  8.68349047e+00 -2.75527094e-03]
 [-2.88033009e-03 -2.75527094e-03  2.12352048e+00]]
time assembling system 0.044213826999111916
time in solving system 0.1245152749997942
time in solving system 0.047660833999543684
time in solving system 0.04787682999995013
[[10.6471832   5.09064306  0.01895938]
 [ 5.09064306 10.64771292  0.01896838]
 [ 0.01895938  0.01896838  2.62867739]]
time assembling system 0.0437226340000052
time in solving system 0.12611778500104265
time in solving system 0.048715834998802166
time in solving system 0.05169488500177977
[[ 7.46055423  3.43537186 -0.02962854]
 [ 3.43537186  7.46083476 -0.02968025]
 [-0.02962854 -0.02968025  1.82355683]]
time assembling system 0.05074758299997484
time in solving system 0.14943466300064756
time in solving system 0.05850542500047595
time in solving system 0.05427410900119867
[[ 7.6333632   3.52090266 -0.02573309]
 [ 3.52090266  7.63102899 -0.02543487]
 [-0.02573309 -0.02543487  1.86244314]]
time assembling system 0.0453333700006624
time in solving system 0.12704245399982028
time in solving system 0.048146843999347766
time in solving system 0.04771404699931736
[[8.76954128e+00 4.10517949e+00 8.48368408e-03]
 [4.10517949e+00 8.76962290e+00 8.48494067e-03]
 [8.48368408e-03 8.48494067e-03 2.13997205e+00]]
time assembling system 0.0446168510006828
time in solving system 0.12434184099947743
time in solving system 0.048989282999173156
time in solving system 0.048151156999665545
[[ 8.5028914   3.96769164 -0.05019645]
 [ 3.96769164  8.50358162 -0.05027269]
 [-0.05019645 -0.05027269  2.09713539]]
time assembling system 0.043407478000517585
time in solving system 0.12710123299984843
time in solving system 0.05151703299998189
time in solving system 0.052299378001407604
[[9.10698206 4.30441251 0.02116089]
 [4.30441251 9.13037829 0.02219589]
 [0.02116089 0.02219589 2.24217318]]
time assembling system 0.04669446800107835
time in solving system 0.12692408400107524
time in solving system 0.048116074000063236
time in solving system 0.0480596979996335
[[ 7.57143574  3.49269021 -0.02283518]
 [ 3.49269021  7.57459101 -0.02321874]
 [-0.02283518 -0.02321874  1.8452079 ]]
time assembling system 0.04512208699998155
time in solving system 0.13228262700067717
time in solving system 0.05195995000030962
time in solving system 0.051523651000024984
[[ 9.10893421  4.29345212 -0.01305404]
 [ 4.29345212  9.10159147 -0.01285717]
 [-0.01305404 -0.01285717  2.23388285]]
time assembling system 0.046943223000198486
time in solving system 0.126354435000394
time in solving system 0.04785036800058151
time in solving system 0.04784837400075048
[[ 8.87092485  4.17472332 -0.0242969 ]
 [ 4.17472332  8.87789141 -0.02468202]
 [-0.0242969  -0.02468202  2.17993533]]
time assembling system 0.04423948799922073
time in solving system 0.12795003400060523
time in solving system 0.04826287000105367
time in solving system 0.047906700001476565
[[ 7.5020676   3.45297608 -0.00919668]
 [ 3.45297608  7.50136619 -0.00915584]
 [-0.00919668 -0.00915584  1.81804995]]
time assembling system 0.04459371000120882
time in solving system 0.1344306899991352
time in solving system 0.04968814699896029
time in solving system 0.04894323099870235
[[8.52970394e+00 3.98344494e+00 8.42069286e-03]
 [3.98344494e+00 8.52397502e+00 8.30139498e-03]
 [8.42069286e-03 8.30139498e-03 2.07965331e+00]]
time assembling system 0.04476750400135643
time in solving system 0.12869468399912876
time in solving system 0.048615991001497605
time in solving system 0.04824632099916926
[[ 9.24816367e+00  4.37368474e+00 -2.60867836e-04]
 [ 4.37368474e+00  9.27685630e+00 -2.67504010e-04]
 [-2.60867836e-04 -2.67504010e-04  2.27182575e+00]]
time assembling system 0.04589403700083494
time in solving system 0.1334243420005805
time in solving system 0.04927967900039221
time in solving system 0.0483316139998351
[[ 8.81492425e+00  4.13418908e+00 -7.94718639e-03]
 [ 4.13418908e+00  8.81423150e+00 -7.93526785e-03]
 [-7.94718639e-03 -7.93526785e-03  2.15405357e+00]]
time assembling system 0.04566813100063882
time in solving system 0.13039671699880273
time in solving system 0.05106366899963177
time in solving system 0.049624027000390925
[[ 8.93968617  4.19976146 -0.01254652]
 [ 4.19976146  8.93874762 -0.01252379]
 [-0.01254652 -0.01252379  2.18750719]]
time assembling system 0.044089963999795145
time in solving system 0.12446310599989374
time in solving system 0.05112259900124627
time in solving system 0.05038989400054561
[[6.93873388e+00 3.17381033e+00 3.67381676e-03]
 [3.17381033e+00 6.93689213e+00 3.61409516e-03]
 [3.67381676e-03 3.61409516e-03 1.67555265e+00]]
time assembling system 0.04559732399866334
time in solving system 0.12747763200059126
time in solving system 0.048887577999266796
time in solving system 0.04843098600031226
[[8.35040408 3.88800085 0.01826943]
 [3.88800085 8.34980252 0.0182423 ]
 [0.01826943 0.0182423  2.03639397]]
time assembling system 0.05240595400027814
time in solving system 0.12789411199992173
time in solving system 0.04886689100021613
time in solving system 0.04864491199987242
[[6.96673187 3.18764371 0.01837319]
 [3.18764371 6.96602579 0.01814769]
 [0.01837319 0.01814769 1.69197988]]
time assembling system 0.0456921479999437
time in solving system 0.14976115100034804
time in solving system 0.04870263900011196
time in solving system 0.04835205500057782
[[ 9.49518855  4.49001898 -0.05674534]
 [ 4.49001898  9.49453291 -0.0566927 ]
 [-0.05674534 -0.0566927   2.35266197]]
time assembling system 0.04702886400082207
time in solving system 0.12615027599895257
time in solving system 0.050489359000494005
time in solving system 0.05442174699965108
[[9.29128309 4.3786994  0.02334398]
 [4.3786994  9.29176679 0.02335954]
 [0.02334398 0.02335954 2.27911145]]
time assembling system 0.046171427000444965
time in solving system 0.12987192800028424
time in solving system 0.049185468998985016
time in solving system 0.04918747400006396
[[6.59362542e+00 2.99513167e+00 2.97274954e-03]
 [2.99513167e+00 6.59361866e+00 2.97168984e-03]
 [2.97274954e-03 2.97168984e-03 1.58713711e+00]]
time assembling system 0.04445281699918269
time in solving system 0.12789630199949897
time in solving system 0.04930679999961285
time in solving system 0.04896738400020695
[[ 8.65748163e+00  4.08337477e+00 -3.32293263e-03]
 [ 4.08337477e+00  8.70108295e+00 -3.69476171e-03]
 [-3.32293263e-03 -3.69476171e-03  2.12672291e+00]]
time assembling system 0.04471964299955289
time in solving system 0.12838263699995878
time in solving system 0.05093531900092785
time in solving system 0.04941617700023926
[[ 6.23409354  2.81318792 -0.006241  ]
 [ 2.81318792  6.23403049 -0.0062593 ]
 [-0.006241   -0.0062593   1.49930506]]
time assembling system 0.04522807699868281
time in solving system 0.12834997800018755
time in solving system 0.049002608999217045
time in solving system 0.048742054001195356
[[9.30063828e+00 4.39135020e+00 6.68554497e-03]
 [4.39135020e+00 9.31422868e+00 6.81732741e-03]
 [6.68554497e-03 6.81732741e-03 2.28099761e+00]]
time assembling system 0.044174778000524384
time in solving system 0.12849342499976046
time in solving system 0.04788829400058603
time in solving system 0.047838738000791636
[[9.21920231 4.34122024 0.02744024]
 [4.34122024 9.20829923 0.02699203]
 [0.02744024 0.02699203 2.26247239]]
time assembling system 0.04430846299874247
time in solving system 0.1264758030010853
time in solving system 0.04804806499851111
time in solving system 0.04830779199983226
[[ 9.03681904e+00  4.24618302e+00 -6.50080504e-03]
 [ 4.24618302e+00  9.03451426e+00 -6.47574636e-03]
 [-6.50080504e-03 -6.47574636e-03  2.20920683e+00]]
time assembling system 0.04371931199966639
time in solving system 0.12604201300018758
time in solving system 0.050685047999650124
time in solving system 0.04819602799943823
[[ 8.29716962e+00  3.88215566e+00 -5.40808432e-03]
 [ 3.88215566e+00  8.32207518e+00 -5.75457052e-03]
 [-5.40808432e-03 -5.75457052e-03  2.02767572e+00]]
