Solving linear variational problem.
time assembling system 0.04654957399907289
time in solving system 0.15421675899960974
time in solving system 0.05221583700040355
time in solving system 0.05219252399911056
[[ 8.91918944e+00  4.15875875e+00 -6.50229648e-06]
 [ 4.15875875e+00  8.91892627e+00 -6.69312747e-06]
 [-6.50229648e-06 -6.69312747e-06  2.09074390e+00]]
time assembling system 0.04453310600001714
time in solving system 0.15205486100057897
time in solving system 0.053883887001575204
time in solving system 0.05254687800152169
[[ 7.05311010e+00  3.15036238e+00 -2.51266323e-05]
 [ 3.15036238e+00  6.99163453e+00 -3.43067570e-05]
 [-2.51266323e-05 -3.43067570e-05  1.59237236e+00]]
time assembling system 0.047827686999880825
time in solving system 0.15147417600019253
time in solving system 0.05306617899987032
time in solving system 0.05099678299848165
[[7.07142636e+00 3.19108650e+00 3.40191030e-04]
 [3.19108650e+00 7.07168732e+00 3.40060615e-04]
 [3.40191030e-04 3.40060615e-04 1.61322695e+00]]
time assembling system 0.04348922300050617
time in solving system 0.14669222200063814
time in solving system 0.05226037000102224
time in solving system 0.051402159999270225
[[8.22653814e+00 3.78426682e+00 2.76344297e-05]
 [3.78426682e+00 8.21574024e+00 2.85726047e-05]
 [2.76344297e-05 2.85726047e-05 1.90541649e+00]]
time assembling system 0.044471184999565594
time in solving system 0.14429908899910515
time in solving system 0.05192275299850735
time in solving system 0.05253041600008146
[[ 1.03440125e+01  4.90530963e+00 -1.55926237e-04]
 [ 4.90530963e+00  1.03971503e+01 -1.87098847e-04]
 [-1.55926237e-04 -1.87098847e-04  2.46130077e+00]]
time assembling system 0.04443784300019615
time in solving system 0.14634525000110443
time in solving system 0.05142392500056303
time in solving system 0.05182039600003918
[[8.21116707e+00 3.80680215e+00 9.00948427e-05]
 [3.80680215e+00 8.50146924e+00 2.48008365e-05]
 [9.00948427e-05 2.48008365e-05 1.91841284e+00]]
time assembling system 0.0473715110001649
time in solving system 0.1522552429996722
time in solving system 0.051857857000868535
time in solving system 0.051469687999997404
[[ 7.97479221e+00  3.67629919e+00 -2.04958455e-04]
 [ 3.67629919e+00  8.24262487e+00 -6.88541880e-05]
 [-2.04958455e-04 -6.88541880e-05  1.85489386e+00]]
time assembling system 0.04471338300027128
time in solving system 0.15361003399993933
time in solving system 0.051530402999560465
time in solving system 0.051440806999380584
[[ 7.98408065e+00  3.67605870e+00 -4.97193600e-04]
 [ 3.67605870e+00  8.12812726e+00 -3.47327367e-04]
 [-4.97193600e-04 -3.47327367e-04  1.85508481e+00]]
time assembling system 0.04486155300037353
time in solving system 0.15226313400125946
time in solving system 0.05196477800018329
time in solving system 0.062270498001453234
[[1.04714807e+01 4.95975238e+00 4.85007708e-04]
 [4.95975238e+00 1.04547724e+01 4.57498473e-04]
 [4.85007708e-04 4.57498473e-04 2.48911771e+00]]
time assembling system 0.04409999900053663
time in solving system 0.15004803400006494
time in solving system 0.05231359899880772
time in solving system 0.05318110100051854
[[ 6.52462067e+00  2.94623222e+00 -7.87377161e-04]
 [ 2.94623222e+00  6.52520200e+00 -7.86599490e-04]
 [-7.87377161e-04 -7.86599490e-04  1.50099124e+00]]
time assembling system 0.06765420900046593
time in solving system 0.15251408999938576
time in solving system 0.05300905299918668
time in solving system 0.053928499000903685
[[8.33930849e+00 3.83503641e+00 1.22569324e-03]
 [3.83503641e+00 8.34794244e+00 1.20809508e-03]
 [1.22569324e-03 1.20809508e-03 1.94032836e+00]]
time assembling system 0.044160526000268874
time in solving system 0.14747401100066782
time in solving system 0.05171037500076636
time in solving system 0.05119900099998631
[[7.01426471e+00 3.10573404e+00 2.49274302e-04]
 [3.10573404e+00 6.83302873e+00 4.22497514e-04]
 [2.49274302e-04 4.22497514e-04 1.57233640e+00]]
time assembling system 0.04245074400023441
time in solving system 0.14891466600056447
time in solving system 0.05232642000009946
time in solving system 0.051190853999287356
[[ 7.42711685e+00  3.39756024e+00 -2.93887209e-04]
 [ 3.39756024e+00  7.55468576e+00 -1.88282501e-04]
 [-2.93887209e-04 -1.88282501e-04  1.71553212e+00]]
time assembling system 0.044002218999594334
time in solving system 0.14460630500070693
time in solving system 0.05283136199977889
time in solving system 0.05355720499937888
[[9.57985293e+00 4.46106841e+00 4.89140321e-05]
 [4.46106841e+00 9.51942773e+00 1.80004456e-04]
 [4.89140321e-05 1.80004456e-04 2.24595131e+00]]
time assembling system 0.0453704289993766
time in solving system 0.15203921099964646
time in solving system 0.05250310500014166
time in solving system 0.05410860899974068
[[ 8.30225435e+00  3.83095469e+00 -1.13087097e-03]
 [ 3.83095469e+00  8.33308610e+00 -1.04955076e-03]
 [-1.13087097e-03 -1.04955076e-03  1.94347007e+00]]
time assembling system 0.045944727999085444
time in solving system 0.15468789500118874
time in solving system 0.05258985200089228
time in solving system 0.05275873100072204
[[7.02842828e+00 3.17295626e+00 2.14622677e-04]
 [3.17295626e+00 6.98419763e+00 3.14576177e-04]
 [2.14622677e-04 3.14576177e-04 1.61571284e+00]]
time assembling system 0.04623522699876048
time in solving system 0.15400514999964798
time in solving system 0.05215510500056553
time in solving system 0.05242687899954035
[[ 6.88131898e+00  3.11986933e+00 -7.38318379e-04]
 [ 3.11986933e+00  6.88497245e+00 -7.33076004e-04]
 [-7.38318379e-04 -7.33076004e-04  1.58541061e+00]]
time assembling system 0.047218347001035
time in solving system 0.15341458200055058
time in solving system 0.05232754999997269
time in solving system 0.05236647500169056
[[ 6.47444504e+00  2.88705570e+00 -2.43208495e-04]
 [ 2.88705570e+00  6.41258832e+00 -2.79993112e-04]
 [-2.43208495e-04 -2.79993112e-04  1.46294961e+00]]
time assembling system 0.04783567199956451
time in solving system 0.15622420699946815
time in solving system 0.053580671999952756
time in solving system 0.053018120999695384
[[ 8.39853641e+00  3.89342833e+00 -3.58703655e-04]
 [ 3.89342833e+00  8.50781199e+00 -1.81842812e-04]
 [-3.58703655e-04 -1.81842812e-04  1.96329303e+00]]
time assembling system 0.04578180599855841
time in solving system 0.16643004399884376
time in solving system 0.057181043001037324
time in solving system 0.05610662099934416
[[ 6.66401400e+00  3.00213362e+00 -3.09794249e-04]
 [ 3.00213362e+00  6.68001468e+00 -2.83183891e-04]
 [-3.09794249e-04 -2.83183891e-04  1.52669102e+00]]
time assembling system 0.04959748100009165
time in solving system 0.16058199899998726
time in solving system 0.05700209899987385
time in solving system 0.05756522499905259
[[1.03910922e+01 4.92759015e+00 4.23887349e-04]
 [4.92759015e+00 1.03917900e+01 4.24917673e-04]
 [4.23887349e-04 4.24917673e-04 2.47255759e+00]]
time assembling system 0.04883740200057218
time in solving system 0.1629341799998656
time in solving system 0.05688548299985996
time in solving system 0.05543799299994134
[[ 6.37803948e+00  2.87060469e+00 -4.40066645e-04]
 [ 2.87060469e+00  6.38712214e+00 -4.24422536e-04]
 [-4.40066645e-04 -4.24422536e-04  1.46593754e+00]]
time assembling system 0.04908322300070722
time in solving system 0.1542708559991297
time in solving system 0.05274122599985276
time in solving system 0.05300229200111062
[[7.98508637e+00 3.65392419e+00 1.76692980e-04]
 [3.65392419e+00 8.01146497e+00 1.59118878e-04]
 [1.76692980e-04 1.59118878e-04 1.84172343e+00]]
time assembling system 0.046051061999605736
time in solving system 0.15818566500092857
time in solving system 0.05304149800031155
time in solving system 0.05310646900034044
[[9.05009344e+00 4.21469039e+00 3.86713284e-04]
 [4.21469039e+00 9.02506377e+00 3.14837147e-04]
 [3.86713284e-04 3.14837147e-04 2.12623441e+00]]
time assembling system 0.046877851000317605
time in solving system 0.15565085599882877
time in solving system 0.053802336000444484
time in solving system 0.05309438400036015
[[ 9.58444701e+00  4.49476636e+00 -2.54493498e-04]
 [ 4.49476636e+00  9.70413481e+00 -5.98381125e-05]
 [-2.54493498e-04 -5.98381125e-05  2.26196690e+00]]
time assembling system 0.04608034900047642
time in solving system 0.15534857300008298
time in solving system 0.0532610720001685
time in solving system 0.052561237000190886
[[7.94272454e+00 3.58109440e+00 1.56146178e-04]
 [3.58109440e+00 7.80335148e+00 2.56062306e-04]
 [1.56146178e-04 2.56062306e-04 1.80603850e+00]]
time assembling system 0.06816613199953281
time in solving system 0.1546826260000671
time in solving system 0.05284352699891315
time in solving system 0.05371134000051825
[[ 8.83916995e+00  4.07928226e+00 -1.83069479e-05]
 [ 4.07928226e+00  8.76720122e+00 -5.63390395e-05]
 [-1.83069479e-05 -5.63390395e-05  2.05217773e+00]]
time assembling system 0.045895355000538984
time in solving system 0.15291176200116752
time in solving system 0.06301959299889859
time in solving system 0.05372816099952615
[[9.68500273e+00 4.55200563e+00 1.00511407e-04]
 [4.55200563e+00 9.70388318e+00 1.16261687e-04]
 [1.00511407e-04 1.16261687e-04 2.28637030e+00]]
time assembling system 0.045268178000696935
time in solving system 0.1520782549996511
time in solving system 0.05347111099945323
time in solving system 0.05311551399972814
[[7.77098013e+00 3.52008099e+00 3.11415902e-04]
 [3.52008099e+00 7.67211370e+00 4.18861973e-04]
 [3.11415902e-04 4.18861973e-04 1.77731141e+00]]
time assembling system 0.044780694999644766
time in solving system 0.15664230800030055
time in solving system 0.05304118700041727
time in solving system 0.053558251000140444
[[8.00013799e+00 3.68263901e+00 6.70338861e-05]
 [3.68263901e+00 7.98628059e+00 1.08232376e-04]
 [6.70338861e-05 1.08232376e-04 1.87370089e+00]]
time assembling system 0.04514217999894754
time in solving system 0.15834479200020724
time in solving system 0.05475819300045259
time in solving system 0.052751936000277055
[[ 7.75385467e+00  3.55838878e+00 -2.12627028e-04]
 [ 3.55838878e+00  7.84596644e+00 -1.61812619e-04]
 [-2.12627028e-04 -1.61812619e-04  1.79458557e+00]]
time assembling system 0.044555202999617904
time in solving system 0.1559944339987851
time in solving system 0.05286722699929669
time in solving system 0.05396411600122519
[[ 9.87108375e+00  4.63940198e+00 -3.30145274e-05]
 [ 4.63940198e+00  9.93987947e+00  6.73750017e-05]
 [-3.30145274e-05  6.73750017e-05  2.33255231e+00]]
time assembling system 0.046254266000687494
time in solving system 0.1537712190001912
time in solving system 0.05092630099898088
time in solving system 0.0504998769993108
[[ 9.49616564e+00  4.45374593e+00 -6.86627606e-04]
 [ 4.45374593e+00  9.48633050e+00 -6.57045352e-04]
 [-6.86627606e-04 -6.57045352e-04  2.24333400e+00]]
time assembling system 0.04523880499982624
time in solving system 0.15002518800065445
time in solving system 0.05148864799957664
time in solving system 0.052508356000544154
[[ 6.97166566e+00  3.15868687e+00 -3.17766427e-04]
 [ 3.15868687e+00  6.97201465e+00 -3.17540625e-04]
 [-3.17766427e-04 -3.17540625e-04  1.59716327e+00]]
time assembling system 0.043711342999813496
time in solving system 0.1553729019997263
time in solving system 0.055426189999707276
time in solving system 0.0535497850014508
[[ 7.00664524e+00  3.19949753e+00 -2.89172899e-04]
 [ 3.19949753e+00  7.30322163e+00 -1.28846042e-04]
 [-2.89172899e-04 -1.28846042e-04  1.61752566e+00]]
time assembling system 0.0450330080002459
time in solving system 0.153008145000058
time in solving system 0.053979694999725325
time in solving system 0.053882808999333065
[[6.80805417e+00 3.07057484e+00 1.67522540e-04]
 [3.07057484e+00 6.79726814e+00 1.71289008e-04]
 [1.67522540e-04 1.71289008e-04 1.55238296e+00]]
time assembling system 0.04512923400034197
time in solving system 0.1552839230007521
time in solving system 0.053873566999754985
time in solving system 0.06045648799954506
[[ 8.75170607e+00  4.07238077e+00 -5.29108335e-04]
 [ 4.07238077e+00  8.87406553e+00 -2.83166069e-04]
 [-5.29108335e-04 -2.83166069e-04  2.05405009e+00]]
time assembling system 0.04494049799905042
time in solving system 0.16279270999984874
time in solving system 0.05383816299945465
time in solving system 0.05314050199922349
[[ 8.42577064e+00  3.87548429e+00 -5.79584165e-05]
 [ 3.87548429e+00  8.36372950e+00  1.00501940e-04]
 [-5.79584165e-05  1.00501940e-04  1.95874610e+00]]
time assembling system 0.042259026999090565
time in solving system 0.1480837840008462
time in solving system 0.05156630400051654
time in solving system 0.05320360699988669
[[9.78485122e+00 4.59946570e+00 4.85019758e-04]
 [4.59946570e+00 9.77043888e+00 4.48895081e-04]
 [4.85019758e-04 4.48895081e-04 2.31327660e+00]]
time assembling system 0.04310491800060845
time in solving system 0.15004939699974784
time in solving system 0.05230373599988525
time in solving system 0.051169549999031005
[[ 8.58077347e+00  3.97238078e+00 -4.97112444e-04]
 [ 3.97238078e+00  8.58664680e+00 -4.82249165e-04]
 [-4.97112444e-04 -4.82249165e-04  2.00848644e+00]]
time assembling system 0.045376248001048225
time in solving system 0.153384332999849
time in solving system 0.05096543699983158
time in solving system 0.05206863599960343
[[ 7.15871215e+00  3.23448682e+00 -1.97263405e-04]
 [ 3.23448682e+00  7.22316167e+00 -1.63302507e-04]
 [-1.97263405e-04 -1.63302507e-04  1.63429310e+00]]
time assembling system 0.04540279200045916
time in solving system 0.15378502599924104
time in solving system 0.054728106000766275
time in solving system 0.05246345600062341
[[ 6.23623090e+00  2.79783448e+00 -2.21709163e-04]
 [ 2.79783448e+00  6.34239185e+00 -1.32128010e-04]
 [-2.21709163e-04 -1.32128010e-04  1.41987646e+00]]
time assembling system 0.04829771400000027
time in solving system 0.1658426199992391
time in solving system 0.049587592999159824
time in solving system 0.04909794699960912
[[9.31908194e+00 4.36866665e+00 3.17023840e-04]
 [4.36866665e+00 9.34684594e+00 3.83852126e-04]
 [3.17023840e-04 3.83852126e-04 2.19901514e+00]]
time assembling system 0.042100667998965946
time in solving system 0.14685916199960047
time in solving system 0.05134874199939077
time in solving system 0.052007838001372875
[[ 6.42941695e+00  2.88807438e+00 -2.35968516e-04]
 [ 2.88807438e+00  6.47732843e+00 -2.01204883e-04]
 [-2.35968516e-04 -2.01204883e-04  1.46384854e+00]]
time assembling system 0.04208834599921829
time in solving system 0.14395200000035402
time in solving system 0.049247520000790246
time in solving system 0.0583121529998607
[[7.98986105e+00 3.68660403e+00 3.64214304e-04]
 [3.68660403e+00 8.18704082e+00 1.77700125e-04]
 [3.64214304e-04 1.77700125e-04 1.85968079e+00]]
time assembling system 0.047065939999811235
time in solving system 0.15179213899864408
time in solving system 0.05322467199948733
time in solving system 0.05302608099918871
[[7.85594855e+00 3.51046913e+00 3.32557142e-04]
 [3.51046913e+00 7.69097813e+00 4.89834658e-04]
 [3.32557142e-04 4.89834658e-04 1.77220330e+00]]
time assembling system 0.04511682999873301
time in solving system 0.15644895600053133
time in solving system 0.05426406700098596
time in solving system 0.052734787999725086
[[8.88777693e+00 4.13059183e+00 1.45300382e-04]
 [4.13059183e+00 8.88185747e+00 1.56848999e-04]
 [1.45300382e-04 1.56848999e-04 2.08128884e+00]]
time assembling system 0.04385239300063404
time in solving system 0.15488763699977426
time in solving system 0.05123413799992704
time in solving system 0.05141620399990643
[[8.31311035e+00 3.85044490e+00 1.98622490e-04]
 [3.85044490e+00 8.35002108e+00 3.19127538e-04]
 [1.98622490e-04 3.19127538e-04 1.95486482e+00]]
time assembling system 0.04222649999974237
time in solving system 0.149886773999242
time in solving system 0.052045579001060105
time in solving system 0.05090409200056456
[[ 7.01805024e+00  3.19542697e+00 -4.44122062e-04]
 [ 3.19542697e+00  7.14204685e+00 -1.74864979e-04]
 [-4.44122062e-04 -1.74864979e-04  1.62402841e+00]]
time assembling system 0.047108663000472006
time in solving system 0.17809716199917602
time in solving system 0.050937650999912876
time in solving system 0.05082177399890497
[[ 8.77822554e+00  3.97007760e+00 -3.39447226e-05]
 [ 3.97007760e+00  8.53488029e+00 -2.84416736e-05]
 [-3.39447226e-05 -2.84416736e-05  1.99903042e+00]]
time assembling system 0.04596163899987005
time in solving system 0.1746287609985302
time in solving system 0.05126565700084029
time in solving system 0.05113552299917501
[[6.97478830e+00 3.16073082e+00 3.59721936e-04]
 [3.16073082e+00 6.97682460e+00 3.58175624e-04]
 [3.59721936e-04 3.58175624e-04 1.59877103e+00]]
time assembling system 0.04447688799882599
time in solving system 0.15859092500068073
time in solving system 0.053298381999411504
time in solving system 0.05097641499924066
[[7.51954437e+00 3.43805056e+00 7.79139208e-04]
 [3.43805056e+00 7.52608323e+00 7.66245608e-04]
 [7.79139208e-04 7.66245608e-04 1.74503442e+00]]
time assembling system 0.04330799000126717
time in solving system 0.14859473800061096
time in solving system 0.04964517999906093
time in solving system 0.05230682399997022
[[7.41828508e+00 3.39880428e+00 4.86354534e-04]
 [3.39880428e+00 7.44427177e+00 4.20128612e-04]
 [4.86354534e-04 4.20128612e-04 1.73301382e+00]]
time assembling system 0.045028664000710705
time in solving system 0.14344086500022968
time in solving system 0.04934496699934243
time in solving system 0.04919255300046643
[[8.50902574e+00 3.92073901e+00 7.00783116e-05]
 [3.92073901e+00 8.47614451e+00 9.27587211e-05]
 [7.00783116e-05 9.27587211e-05 1.97339481e+00]]
time assembling system 0.046733299999687006
time in solving system 0.16303809700002603
time in solving system 0.05643773600058921
time in solving system 0.0497235790007835
[[7.16835363e+00 3.25855402e+00 3.54751520e-04]
 [3.25855402e+00 7.18125823e+00 3.44753667e-04]
 [3.54751520e-04 3.44753667e-04 1.64698518e+00]]
time assembling system 0.042357963999165804
time in solving system 0.1444611189999705
time in solving system 0.05747916000109399
time in solving system 0.0547220019998349
[[7.59427768e+00 3.48144427e+00 5.92115150e-05]
 [3.48144427e+00 7.64388484e+00 2.05524453e-04]
 [5.92115150e-05 2.05524453e-04 1.77089060e+00]]
time assembling system 0.04172389599989401
time in solving system 0.14229945500119356
time in solving system 0.05341979500008165
time in solving system 0.05354544399961014
[[8.25517858e+00 3.81127403e+00 3.11156826e-04]
 [3.81127403e+00 8.42454770e+00 1.82085590e-04]
 [3.11156826e-04 1.82085590e-04 1.92043759e+00]]
time assembling system 0.04255781299980299
time in solving system 0.1426274759996886
time in solving system 0.049750472000596346
time in solving system 0.04946185399967362
[[ 6.39852011e+00  2.86050956e+00 -1.97318965e-04]
 [ 2.86050956e+00  6.36560208e+00 -2.08822517e-04]
 [-1.97318965e-04 -2.08822517e-04  1.44867053e+00]]
time assembling system 0.04172120399925916
time in solving system 0.1631064779994631
time in solving system 0.05008696100048837
time in solving system 0.050153292999311816
[[ 6.97840439e+00  3.16085283e+00 -5.17597432e-04]
 [ 3.16085283e+00  6.98813589e+00 -5.08683173e-04]
 [-5.17597432e-04 -5.08683173e-04  1.60022867e+00]]
time assembling system 0.042253014999005245
time in solving system 0.14016774000083387
time in solving system 0.04886837499907415
time in solving system 0.049656172001050436
[[7.76854818e+00 3.58680578e+00 6.55078840e-05]
 [3.58680578e+00 8.15781177e+00 6.55329418e-05]
 [6.55078840e-05 6.55329418e-05 1.81006513e+00]]
time assembling system 0.04192079699896567
time in solving system 0.14342676399974152
time in solving system 0.049564246999580064
time in solving system 0.04925520700089692
[[7.15116181e+00 3.23160613e+00 2.97012070e-04]
 [3.23160613e+00 7.11442237e+00 3.34564590e-04]
 [2.97012070e-04 3.34564590e-04 1.63452743e+00]]
time assembling system 0.04082114300035755
time in solving system 0.14338166500056104
time in solving system 0.049369144999218406
time in solving system 0.04892350800037093
[[8.66224594e+00 4.02161385e+00 1.63913370e-04]
 [4.02161385e+00 8.79835559e+00 6.99268857e-05]
 [1.63913370e-04 6.99268857e-05 2.02511999e+00]]
time assembling system 0.0407904250005231
time in solving system 0.14058083099916985
time in solving system 0.049087256000348134
time in solving system 0.049359388000084436
[[ 7.67606386e+00  3.48087071e+00 -5.18975385e-04]
 [ 3.48087071e+00  7.58410352e+00 -7.14833059e-04]
 [-5.18975385e-04 -7.14833059e-04  1.76533795e+00]]
time assembling system 0.04125213800034544
time in solving system 0.1394261670011474
time in solving system 0.04928585000016028
time in solving system 0.04957576299966604
[[7.21718110e+00 3.27578150e+00 6.73023775e-04]
 [3.27578150e+00 7.21005972e+00 6.81784318e-04]
 [6.73023775e-04 6.81784318e-04 1.65909610e+00]]
time assembling system 0.04177771899958316
time in solving system 0.1460747259989148
time in solving system 0.05008602899943071
time in solving system 0.04967309200037562
[[ 8.12140050e+00  3.74407265e+00 -1.76818763e-04]
 [ 3.74407265e+00  8.12007478e+00 -1.77994455e-04]
 [-1.76818763e-04 -1.77994455e-04  1.88631999e+00]]
time assembling system 0.04189373400004115
time in solving system 0.14251557699935802
time in solving system 0.049274978000539704
time in solving system 0.04954375300076208
[[5.82665503e+00 2.59489456e+00 5.81368823e-05]
 [2.59489456e+00 5.83694902e+00 5.74730180e-05]
 [5.81368823e-05 5.74730180e-05 1.31597083e+00]]
time assembling system 0.04301110399865138
time in solving system 0.14085741999952006
time in solving system 0.04946551799912413
time in solving system 0.04888504500013369
[[6.89396863e+00 3.07715643e+00 1.92552647e-04]
 [3.07715643e+00 6.80211347e+00 2.63105120e-04]
 [1.92552647e-04 2.63105120e-04 1.55705260e+00]]
time assembling system 0.04125453699998616
time in solving system 0.14483118699899933
time in solving system 0.049243897999986075
time in solving system 0.049106245998700615
[[8.90694208e+00 4.14225042e+00 1.00070869e-04]
 [4.14225042e+00 8.88482557e+00 5.37952332e-05]
 [1.00070869e-04 5.37952332e-05 2.08669512e+00]]
time assembling system 0.04154898500019044
time in solving system 0.14255673099978594
time in solving system 0.04856664900034957
time in solving system 0.04923040299945569
[[ 6.24706826e+00  2.79767380e+00 -1.37180177e-04]
 [ 2.79767380e+00  6.31197318e+00 -1.06782225e-04]
 [-1.37180177e-04 -1.06782225e-04  1.41786279e+00]]
time assembling system 0.04193756899985601
time in solving system 0.1407867849993636
time in solving system 0.04913416700037487
time in solving system 0.04885536300025706
[[ 8.43577473e+00  3.91431477e+00 -3.94104732e-05]
 [ 3.91431477e+00  8.57646455e+00 -8.46091839e-06]
 [-3.94104732e-05 -8.46091839e-06  1.97048219e+00]]
time assembling system 0.04234039900075004
time in solving system 0.1438996209999459
time in solving system 0.05029551299958257
time in solving system 0.04889083499983826
[[ 1.05690555e+01  5.01785456e+00 -4.50899709e-04]
 [ 5.01785456e+00  1.05659445e+01 -4.46392035e-04]
 [-4.50899709e-04 -4.46392035e-04  2.51741048e+00]]
time assembling system 0.04166579000047932
time in solving system 0.141378201000407
time in solving system 0.049408384000344086
time in solving system 0.05022065000048315
[[ 7.32139250e+00  3.32893833e+00 -2.36784682e-04]
 [ 3.32893833e+00  7.31722595e+00 -2.45417258e-04]
 [-2.36784682e-04 -2.45417258e-04  1.68897008e+00]]
time assembling system 0.04191177799839352
time in solving system 0.14289452799857827
time in solving system 0.04924001299878
time in solving system 0.0491592660000606
[[ 7.50620714e+00  3.43392663e+00 -6.02459857e-04]
 [ 3.43392663e+00  7.53356463e+00 -5.57387150e-04]
 [-6.02459857e-04 -5.57387150e-04  1.73890863e+00]]
time assembling system 0.042429972998434096
time in solving system 0.1475379340008658
time in solving system 0.05099988899928576
time in solving system 0.04920179300097516
[[8.71685257e+00 4.05369372e+00 3.80248422e-05]
 [4.05369372e+00 8.71632313e+00 3.83535427e-05]
 [3.80248422e-05 3.83535427e-05 2.03863879e+00]]
time assembling system 0.04116295200037712
time in solving system 0.1438596440002584
time in solving system 0.04924768499950005
time in solving system 0.049366916000508354
[[8.38322707e+00 3.88046810e+00 2.32160549e-04]
 [3.88046810e+00 8.37723553e+00 2.14225858e-04]
 [2.32160549e-04 2.14225858e-04 1.96617028e+00]]
time assembling system 0.043344382000213955
time in solving system 0.14450460199986992
time in solving system 0.049945540999033256
time in solving system 0.05329092299871263
[[8.88915659e+00 4.04373497e+00 5.50171135e-04]
 [4.04373497e+00 8.71373379e+00 8.06683076e-04]
 [5.50171135e-04 8.06683076e-04 2.03988140e+00]]
time assembling system 0.04734050200022466
time in solving system 0.1502591280004708
time in solving system 0.05039872499946796
time in solving system 0.052481712998996954
[[ 7.45103898e+00  3.37912753e+00 -2.24764281e-04]
 [ 3.37912753e+00  7.41084700e+00 -2.93508668e-04]
 [-2.24764281e-04 -2.93508668e-04  1.71023273e+00]]
time assembling system 0.048263569000482676
time in solving system 0.14423647699914
time in solving system 0.04889588400146749
time in solving system 0.04911415000060515
[[ 8.82908186e+00  4.08372425e+00 -3.17183693e-04]
 [ 4.08372425e+00  8.88049185e+00 -2.75756624e-04]
 [-3.17183693e-04 -2.75756624e-04  2.05692047e+00]]
time assembling system 0.041414576000534
time in solving system 0.14162297299844795
time in solving system 0.048883761000979575
time in solving system 0.0492909629992937
[[ 8.63587537e+00  3.95777976e+00 -9.39008262e-04]
 [ 3.95777976e+00  8.58221131e+00 -1.02165143e-03]
 [-9.39008262e-04 -1.02165143e-03  1.99789080e+00]]
time assembling system 0.04167175899965514
time in solving system 0.14965660600137198
time in solving system 0.04916002600111824
time in solving system 0.048823279999851366
[[ 7.40082311e+00  3.36898364e+00 -3.11141597e-04]
 [ 3.36898364e+00  7.40905013e+00 -3.05805618e-04]
 [-3.11141597e-04 -3.05805618e-04  1.70108941e+00]]
time assembling system 0.04180104099941673
time in solving system 0.14172760499968717
time in solving system 0.0505932659998507
time in solving system 0.04953765100071905
[[8.38691087e+00 3.87881676e+00 1.27391640e-04]
 [3.87881676e+00 8.42830191e+00 1.03198853e-04]
 [1.27391640e-04 1.03198853e-04 1.95287770e+00]]
time assembling system 0.041102784000031534
time in solving system 0.14412278799863998
time in solving system 0.049671930999465985
time in solving system 0.049103516999821295
[[ 9.11906399e+00  4.17086229e+00 -9.35329616e-06]
 [ 4.17086229e+00  8.92670258e+00 -1.57123750e-05]
 [-9.35329616e-06 -1.57123750e-05  2.09812501e+00]]
time assembling system 0.04139398000006622
time in solving system 0.14832812900021963
time in solving system 0.04939550800008874
time in solving system 0.049697270998876775
[[ 8.67970582e+00  4.01850517e+00 -8.03431429e-05]
 [ 4.01850517e+00  8.68440731e+00 -7.78961548e-05]
 [-8.03431429e-05 -7.78961548e-05  2.02213594e+00]]
time assembling system 0.04328265000003739
time in solving system 0.14353071299956355
time in solving system 0.05014517000017804
time in solving system 0.049215265000384534
[[ 8.79377247e+00  4.07693761e+00 -1.34563690e-04]
 [ 4.07693761e+00  8.80006689e+00 -1.29245055e-04]
 [-1.34563690e-04 -1.29245055e-04  2.05176026e+00]]
time assembling system 0.04598830100076157
time in solving system 0.16176594399985333
time in solving system 0.05028457199841796
time in solving system 0.053519518000030075
[[6.74952947e+00 3.03894164e+00 5.48525185e-05]
 [3.03894164e+00 6.80707034e+00 4.25943266e-05]
 [5.48525185e-05 4.25943266e-05 1.53671801e+00]]
time assembling system 0.05170053700021526
time in solving system 0.19566840599873103
time in solving system 0.05272961700029555
time in solving system 0.054937402999712504
[[8.27051890e+00 3.82034648e+00 2.17651831e-04]
 [3.82034648e+00 8.27505312e+00 2.11906693e-04]
 [2.17651831e-04 2.11906693e-04 1.92534702e+00]]
time assembling system 0.04521695200128306
time in solving system 0.14857512600065093
time in solving system 0.05361725100010517
time in solving system 0.054620966999209486
[[6.79877111e+00 3.06397012e+00 2.81569158e-04]
 [3.06397012e+00 6.82169207e+00 2.49954652e-04]
 [2.81569158e-04 2.49954652e-04 1.55388894e+00]]
time assembling system 0.04823300700081745
time in solving system 0.16118912499950966
time in solving system 0.05691259199920751
time in solving system 0.05916766100017412
[[ 9.26578276e+00  4.31501458e+00 -6.40114524e-04]
 [ 4.31501458e+00  9.27083818e+00 -6.23441222e-04]
 [-6.40114524e-04 -6.23441222e-04  2.18257049e+00]]
time assembling system 0.04854077699928894
time in solving system 0.16667800200048077
time in solving system 0.05423847500060219
time in solving system 0.053911168999547954
[[ 9.21457300e+00  4.30937297e+00 -1.96215968e-04]
 [ 4.30937297e+00  9.21154435e+00 -1.90896765e-04]
 [-1.96215968e-04 -1.90896765e-04  2.16729540e+00]]
time assembling system 0.04518621600072947
time in solving system 0.16376521799975308
time in solving system 0.05444254800022463
time in solving system 0.055912836998686544
[[6.49688622e+00 2.91137757e+00 4.81655668e-05]
 [2.91137757e+00 6.49758784e+00 4.80421308e-05]
 [4.81655668e-05 4.80421308e-05 1.47319972e+00]]
time assembling system 0.04844193499957328
time in solving system 0.18128110399993602
time in solving system 0.057163748000675696
time in solving system 0.1019455099994957
[[ 8.45668415e+00  3.73760138e+00 -6.48087872e-05]
 [ 3.73760138e+00  8.06428751e+00 -1.90997711e-04]
 [-6.48087872e-05 -1.90997711e-04  1.88498302e+00]]
time assembling system 0.06961702700027672
time in solving system 0.16058154400161584
time in solving system 0.054787752000265755
time in solving system 0.052281906000644085
[[ 6.18282238e+00  2.76796060e+00 -2.75260106e-04]
 [ 2.76796060e+00  6.17989747e+00 -2.76480169e-04]
 [-2.75260106e-04 -2.76480169e-04  1.40351984e+00]]
time assembling system 0.04469329600033234
time in solving system 0.16237336899939692
time in solving system 0.05577305699989665
time in solving system 0.0571194310014107
[[ 9.21331291e+00  4.27180479e+00 -3.27365787e-05]
 [ 4.27180479e+00  9.12822513e+00  1.34384787e-05]
 [-3.27365787e-05  1.34384787e-05  2.14728872e+00]]
time assembling system 0.048283727999660186
time in solving system 0.1694739970007504
time in solving system 0.05602508999982092
time in solving system 0.05872529099906387
[[ 9.03756793e+00  4.22384882e+00 -1.63717989e-05]
 [ 4.22384882e+00  9.11011646e+00 -1.62349231e-04]
 [-1.63717989e-05 -1.62349231e-04  2.12669012e+00]]
time assembling system 0.05092437100029201
time in solving system 0.18524995600091643
time in solving system 0.056900113999290625
time in solving system 0.05519758299851674
[[ 8.94773253e+00  4.17191425e+00 -1.32921597e-05]
 [ 4.17191425e+00  8.96220868e+00 -6.70821856e-06]
 [-1.32921597e-05 -6.70821856e-06  2.09727494e+00]]
time assembling system 0.04785523899954569
time in solving system 0.1669335480000882
time in solving system 0.05586632499944244
time in solving system 0.05712720100018487
[[ 8.15109327e+00  3.65585446e+00 -1.05022731e-04]
 [ 3.65585446e+00  7.92775337e+00 -2.14024029e-04]
 [-1.05022731e-04 -2.14024029e-04  1.84320951e+00]]
