Solving linear variational problem.
time assembling system 0.05649530699884053
time in solving system 0.4776030310003989
time in solving system 0.058182290000331705
time in solving system 0.05839801699949021
[[ 8.67354936e+00  4.22863174e+00 -1.83679910e-03]
 [ 4.22863174e+00  8.67357973e+00 -1.83619894e-03]
 [-1.83679910e-03 -1.83619894e-03  2.08846295e+00]]
time assembling system 0.06389183400096954
time in solving system 0.26140056399890454
time in solving system 0.057221827999455854
time in solving system 0.056136387000151444
[[6.65634213e+00 3.21499663e+00 3.63770215e-03]
 [3.21499663e+00 6.66750929e+00 3.44694452e-03]
 [3.63770215e-03 3.44694452e-03 1.58497571e+00]]
time assembling system 0.06778570499955094
time in solving system 0.29941621200123336
time in solving system 0.05771058900063508
time in solving system 0.05890200800058665
[[6.75911482e+00 3.25837229e+00 3.03503290e-03]
 [3.25837229e+00 6.75906526e+00 3.03623884e-03]
 [3.03503290e-03 3.03623884e-03 1.60687049e+00]]
time assembling system 0.0560712139995303
time in solving system 0.2482877960010228
time in solving system 0.059082222998767975
time in solving system 0.05827154100006737
[[7.93560502e+00 3.85217501e+00 1.70412810e-03]
 [3.85217501e+00 7.93721811e+00 1.68414198e-03]
 [1.70412810e-03 1.68414198e-03 1.90149173e+00]]
time assembling system 0.06900778600174817
time in solving system 0.28299379400050384
time in solving system 0.057768627999394084
time in solving system 0.061480835000111256
[[1.01029734e+01 4.97280050e+00 2.59935149e-03]
 [4.97280050e+00 1.01010573e+01 2.71191550e-03]
 [2.59935149e-03 2.71191550e-03 2.45677200e+00]]
time assembling system 0.05554737300008128
time in solving system 0.3074553670012392
time in solving system 0.056216044000393595
time in solving system 0.0585676329992566
[[7.94742793e+00 3.86586880e+00 2.40855843e-04]
 [3.86586880e+00 7.91267911e+00 3.53864204e-04]
 [2.40855843e-04 3.53864204e-04 1.90712117e+00]]
time assembling system 0.05616432599890686
time in solving system 0.28157208599986916
time in solving system 0.06938110599912761
time in solving system 0.054790959000456496
[[ 7.67780798e+00  3.73125192e+00 -4.75041297e-03]
 [ 3.73125192e+00  7.64323730e+00 -6.17291950e-03]
 [-4.75041297e-03 -6.17291950e-03  1.84080169e+00]]
time assembling system 0.0569353159989987
time in solving system 0.27097337000122934
time in solving system 0.05965953300074034
time in solving system 0.09121778000007907
[[ 7.69582416e+00  3.73646452e+00 -5.06719630e-03]
 [ 3.73646452e+00  7.67556145e+00 -6.00208861e-03]
 [-5.06719630e-03 -6.00208861e-03  1.84384854e+00]]
time assembling system 0.06469878899952164
time in solving system 0.2876207169992995
time in solving system 0.0548476469994057
time in solving system 0.05649059600000328
[[ 1.02087863e+01  5.02867955e+00 -5.73710763e-03]
 [ 5.02867955e+00  1.02092722e+01 -5.66299569e-03]
 [-5.73710763e-03 -5.66299569e-03  2.48442454e+00]]
time assembling system 0.05439361299977463
time in solving system 0.2691826130012487
time in solving system 0.05143742400105111
time in solving system 0.058049491000929265
[[ 6.28519474e+00  3.02436918e+00 -2.98176197e-03]
 [ 3.02436918e+00  6.28508032e+00 -2.98638778e-03]
 [-2.98176197e-03 -2.98638778e-03  1.49143669e+00]]
time assembling system 0.05538634100048512
time in solving system 0.24438671300049464
time in solving system 0.05258295400017232
time in solving system 0.05325692100086599
[[7.98218473 3.89426142 0.01083455]
 [3.89426142 7.98121222 0.01094318]
 [0.01083455 0.01094318 1.92241827]]
time assembling system 0.055589526000403566
time in solving system 0.25143631599894434
time in solving system 0.054395356000895845
time in solving system 0.05275724999955855
[[6.56039385e+00 3.17402887e+00 1.28490887e-03]
 [3.17402887e+00 6.59297230e+00 6.99476015e-04]
 [1.28490887e-03 6.99476015e-04 1.56449380e+00]]
time assembling system 0.06605962199864734
time in solving system 0.2896667789991625
time in solving system 0.05743385800087708
time in solving system 0.05717508599991561
[[ 7.17638899e+00  3.46566379e+00 -9.87788336e-04]
 [ 3.46566379e+00  7.15449789e+00 -1.32932926e-03]
 [-9.87788336e-04 -1.32932926e-03  1.70930745e+00]]
time assembling system 0.06635289299993019
time in solving system 0.29240613599904464
time in solving system 0.05894121100027405
time in solving system 0.059403655999631155
[[9.21577597 4.52413791 0.01030455]
 [4.52413791 9.2192842  0.00975564]
 [0.01030455 0.00975564 2.23352694]]
time assembling system 0.05856584699904488
time in solving system 0.24736872100038454
time in solving system 0.059247282000796986
time in solving system 0.059880713999518775
[[ 7.97575891  3.89496619 -0.01270846]
 [ 3.89496619  7.97266943 -0.01318151]
 [-0.01270846 -0.01318151  1.92275633]]
time assembling system 0.06432760800089454
time in solving system 0.23725150199970813
time in solving system 0.05896907600072154
time in solving system 0.06007422599941492
[[6.71666734e+00 3.25147460e+00 4.50117690e-03]
 [3.25147460e+00 6.72409344e+00 4.11622794e-03]
 [4.50117690e-03 4.11622794e-03 1.60357539e+00]]
time assembling system 0.067997796999407
time in solving system 0.23943689500083565
time in solving system 0.059286702000463265
time in solving system 0.06103044100018451
[[ 6.63130044e+00  3.19653265e+00 -3.61215390e-03]
 [ 3.19653265e+00  6.63060462e+00 -3.64254958e-03]
 [-3.61215390e-03 -3.64254958e-03  1.57663629e+00]]
time assembling system 0.06143186900044384
time in solving system 0.24160677600048075
time in solving system 0.058083319001525524
time in solving system 0.05700524199892243
[[ 6.16721206e+00  2.96243642e+00 -1.95729172e-04]
 [ 2.96243642e+00  6.17961023e+00 -4.13849976e-05]
 [-1.95729172e-04 -4.13849976e-05  1.45926070e+00]]
time assembling system 0.05550079699969501
time in solving system 0.27044700999977067
time in solving system 0.059541107000768534
time in solving system 0.05866674200115085
[[ 8.13324364e+00  3.95897871e+00 -5.15980532e-03]
 [ 3.95897871e+00  8.11996630e+00 -5.88058446e-03]
 [-5.15980532e-03 -5.88058446e-03  1.95403971e+00]]
time assembling system 0.07624317299996619
time in solving system 0.26666151299832563
time in solving system 0.08837501000016346
time in solving system 0.05941567400077474
[[ 6.39098378e+00  3.08050707e+00 -1.27467045e-03]
 [ 3.08050707e+00  6.38805102e+00 -1.36101894e-03]
 [-1.27467045e-03 -1.36101894e-03  1.51825685e+00]]
time assembling system 0.07203026599927398
time in solving system 0.24190731099952245
time in solving system 0.05908251599976211
time in solving system 0.05954601099983847
[[ 1.01517483e+01  4.99723653e+00 -4.65696040e-03]
 [ 4.99723653e+00  1.01517235e+01 -4.65953905e-03]
 [-4.65696040e-03 -4.65953905e-03  2.46914886e+00]]
time assembling system 0.06986509600028512
time in solving system 0.23302256599890825
time in solving system 0.06121259799874679
time in solving system 0.05988020699987828
[[ 6.12286085e+00  2.95032570e+00 -2.30995512e-03]
 [ 2.95032570e+00  6.12118460e+00 -2.37336675e-03]
 [-2.30995512e-03 -2.37336675e-03  1.45446144e+00]]
time assembling system 0.06668823099971632
time in solving system 0.24654440400081512
time in solving system 0.05947086600099283
time in solving system 0.05829866900057823
[[ 7.66807284e+00  3.71997486e+00 -1.81156880e-03]
 [ 3.71997486e+00  7.66408291e+00 -1.83855690e-03]
 [-1.81156880e-03 -1.83855690e-03  1.83550850e+00]]
time assembling system 0.07877415500115603
time in solving system 0.25202098000045225
time in solving system 0.059970771999360295
time in solving system 0.05862315899867099
[[ 8.76120573  4.28727853 -0.00965708]
 [ 4.28727853  8.76318891 -0.00939809]
 [-0.00965708 -0.00939809  2.11645344]]
time assembling system 0.07975285099928442
time in solving system 0.24777234000066528
time in solving system 0.060316065999359125
time in solving system 0.06124493999959668
[[ 9.27445700e+00  4.55387805e+00 -9.03780066e-03]
 [ 4.55387805e+00  9.26800927e+00 -1.00116213e-02]
 [-9.03780066e-03 -1.00116213e-02  2.24798529e+00]]
time assembling system 0.07040755300113233
time in solving system 0.2500621359995421
time in solving system 0.062092604999634204
time in solving system 0.059873603999221814
[[ 7.50328518e+00  3.64592127e+00 -1.32069529e-03]
 [ 3.64592127e+00  7.52444021e+00 -1.26453701e-03]
 [-1.32069529e-03 -1.26453701e-03  1.79854735e+00]]
time assembling system 0.07098813599986897
time in solving system 0.25634921600067173
time in solving system 0.05928165099976468
time in solving system 0.05682411800080445
[[ 8.49470728e+00  4.14463188e+00 -3.07448278e-03]
 [ 4.14463188e+00  8.50294351e+00 -2.84837860e-03]
 [-3.07448278e-03 -2.84837860e-03  2.04631329e+00]]
time assembling system 0.08250935100113566
time in solving system 0.2423112630003743
time in solving system 0.058068160999027896
time in solving system 0.05606373699993128
[[ 9.41917871e+00  4.61858064e+00 -4.01507679e-03]
 [ 4.61858064e+00  9.41787891e+00 -4.08487478e-03]
 [-4.01507679e-03 -4.08487478e-03  2.28129016e+00]]
time assembling system 0.06335466000018641
time in solving system 0.24410405900016485
time in solving system 0.058211100000335136
time in solving system 0.05762262600001122
[[7.39698988e+00 3.58738492e+00 3.64347885e-03]
 [3.58738492e+00 7.41304915e+00 3.12640861e-03]
 [3.64347885e-03 3.12640861e-03 1.76997027e+00]]
time assembling system 0.05760084800022014
time in solving system 0.2663664179999614
time in solving system 0.05740948099992238
time in solving system 0.05779009999969276
[[7.71023926 3.75951507 0.01224504]
 [3.75951507 7.71177918 0.01202284]
 [0.01224504 0.01202284 1.85543487]]
time assembling system 0.06294250900100451
time in solving system 0.2372673339996254
time in solving system 0.05943432200001553
time in solving system 0.0594950520007842
[[ 7.49012296e+00  3.62478709e+00 -2.42374852e-03]
 [ 3.62478709e+00  7.47509367e+00 -2.74677420e-03]
 [-2.42374852e-03 -2.74677420e-03  1.78848624e+00]]
time assembling system 0.06660523199934687
time in solving system 0.3261709449998307
time in solving system 0.05872719699982554
time in solving system 0.061121007000110694
[[ 9.56276376e+00  4.70079637e+00 -8.42226595e-03]
 [ 4.70079637e+00  9.55963466e+00 -8.92038654e-03]
 [-8.42226595e-03 -8.92038654e-03  2.32094207e+00]]
time assembling system 0.0565102009986731
time in solving system 0.21048601000074996
time in solving system 0.058723864998682984
time in solving system 0.05967538000004424
[[9.22862681 4.52651981 0.00977572]
 [4.52651981 9.22920119 0.00968137]
 [0.00977572 0.00968137 2.23499433]]
time assembling system 0.05873773900020751
time in solving system 0.2137071470006049
time in solving system 0.05944163300046057
time in solving system 0.06011440600013884
[[ 6.72835560e+00  3.23474700e+00 -1.01775034e-03]
 [ 3.23474700e+00  6.72828487e+00 -1.01894549e-03]
 [-1.01775034e-03 -1.01894549e-03  1.59490232e+00]]
time assembling system 0.0562078550010483
time in solving system 0.21451192799941055
time in solving system 0.058504605000052834
time in solving system 0.10730319600043003
[[ 6.76343658e+00  3.26201403e+00 -4.23203871e-05]
 [ 3.26201403e+00  6.71453739e+00 -3.79976161e-04]
 [-4.23203871e-05 -3.79976161e-04  1.60779106e+00]]
time assembling system 0.056664989999262616
time in solving system 0.21717565399922023
time in solving system 0.06126534500072012
time in solving system 0.05963390299984894
[[6.55227026e+00 3.14632252e+00 2.45374363e-04]
 [3.14632252e+00 6.55449796e+00 2.27815465e-04]
 [2.45374363e-04 2.27815465e-04 1.55076413e+00]]
time assembling system 0.05259603099875676
time in solving system 0.19876540400036902
time in solving system 0.05551783800001431
time in solving system 0.05587505599942233
[[ 8.46393363e+00  4.13442127e+00 -8.11893893e-03]
 [ 4.13442127e+00  8.45237355e+00 -9.21883398e-03]
 [-8.11893893e-03 -9.21883398e-03  2.04071867e+00]]
time assembling system 0.055557843999849865
time in solving system 0.21627260199966258
time in solving system 0.05469320699921809
time in solving system 0.055177113999889116
[[8.09597215e+00 3.94769045e+00 7.84768604e-03]
 [3.94769045e+00 8.10299905e+00 7.25537719e-03]
 [7.84768604e-03 7.25537719e-03 1.94833486e+00]]
time assembling system 0.056971784000779735
time in solving system 0.22937143799936166
time in solving system 0.06817544200021075
time in solving system 0.0604375839993736
[[ 9.50790481e+00  4.66911569e+00 -8.63802310e-03]
 [ 4.66911569e+00  9.50864824e+00 -8.52549605e-03]
 [-8.63802310e-03 -8.52549605e-03  2.30582179e+00]]
time assembling system 0.05675508199965407
time in solving system 0.23989834600070026
time in solving system 0.05393138299950806
time in solving system 0.053928412999084685
[[ 8.27363147  4.04028743 -0.0105273 ]
 [ 4.04028743  8.2730497  -0.01059935]
 [-0.0105273  -0.01059935  1.99426527]]
time assembling system 0.05272503899868752
time in solving system 0.202373723999699
time in solving system 0.05226201699952071
time in solving system 0.05393852899942431
[[6.83716758e+00 3.30059136e+00 2.93984862e-03]
 [3.30059136e+00 6.82581824e+00 3.05920189e-03]
 [2.93984862e-03 3.05920189e-03 1.62721658e+00]]
time assembling system 0.050641892001294764
time in solving system 0.20963549800035253
time in solving system 0.05629722199955722
time in solving system 0.05826415400042606
[[5.98244046e+00 2.87217396e+00 1.65578334e-03]
 [2.87217396e+00 5.96305816e+00 1.54285553e-03]
 [1.65578334e-03 1.54285553e-03 1.41405173e+00]]
time assembling system 0.05418222099979175
time in solving system 0.21355392100122117
time in solving system 0.0554592850003246
time in solving system 0.05575303499972506
[[ 9.06707495e+00  4.43957262e+00 -7.26327774e-03]
 [ 4.43957262e+00  9.06499405e+00 -7.47189062e-03]
 [-7.26327774e-03 -7.47189062e-03  2.19223508e+00]]
time assembling system 0.05169875100000354
time in solving system 0.2089911020011641
time in solving system 0.05805894399964018
time in solving system 0.06099435199939762
[[6.17559268e+00 2.96371227e+00 7.65355152e-04]
 [2.96371227e+00 6.16622216e+00 6.78205691e-04]
 [7.65355152e-04 6.78205691e-04 1.45970957e+00]]
time assembling system 0.057730429000002914
time in solving system 0.2320529019998503
time in solving system 0.0645232520000718
time in solving system 0.06111814999894705
[[7.71894153e+00 3.74738712e+00 3.71941318e-03]
 [3.74738712e+00 7.69183262e+00 4.68130501e-03]
 [3.71941318e-03 4.68130501e-03 1.84897996e+00]]
time assembling system 0.055693000000246684
time in solving system 0.21210438500020246
time in solving system 0.056740381000054185
time in solving system 0.057005136000952916
[[ 7.34016359e+00  3.57191305e+00 -3.77372577e-03]
 [ 3.57191305e+00  7.36392818e+00 -3.39532397e-03]
 [-3.77372577e-03 -3.39532397e-03  1.76151639e+00]]
time assembling system 0.05341860099906626
time in solving system 0.21157364700047765
time in solving system 0.05764614299914683
time in solving system 0.05884009300098114
[[8.59684171e+00 4.19865874e+00 7.38607033e-03]
 [4.19865874e+00 8.59743182e+00 7.33753121e-03]
 [7.38607033e-03 7.33753121e-03 2.07290981e+00]]
time assembling system 0.05617561100007151
time in solving system 0.22813474599934125
time in solving system 0.059269729999869014
time in solving system 0.06247783400067419
[[ 8.04036475  3.92635021 -0.01217071]
 [ 3.92635021  8.03692064 -0.01273209]
 [-0.01217071 -0.01273209  1.93763847]]
time assembling system 0.05832808900049713
time in solving system 0.23308338000060758
time in solving system 0.0634277370008931
time in solving system 0.060278286999164266
[[ 6.76417382e+00  3.26983468e+00 -2.77221451e-03]
 [ 3.26983468e+00  6.74394018e+00 -3.62192249e-03]
 [-2.77221451e-03 -3.62192249e-03  1.61236581e+00]]
time assembling system 0.06194651400073781
time in solving system 0.21462481299931824
time in solving system 0.05705433999901288
time in solving system 0.059495364999747835
[[8.24338286e+00 4.03014707e+00 1.11257857e-03]
 [4.03014707e+00 8.26986945e+00 8.91727844e-04]
 [1.11257857e-03 8.91727844e-04 1.98871239e+00]]
time assembling system 0.058616516000256524
time in solving system 0.2168745859999035
time in solving system 0.058428344998901593
time in solving system 0.05819806699946639
[[6.73070023e+00 3.23689223e+00 1.19038406e-03]
 [3.23689223e+00 6.73029088e+00 1.19838273e-03]
 [1.19038406e-03 1.19838273e-03 1.59599147e+00]]
time assembling system 0.05788068499896326
time in solving system 0.22612635900077294
time in solving system 0.05842655299966282
time in solving system 0.06968531299935421
[[7.24298428e+00 3.51102331e+00 6.91708817e-03]
 [3.51102331e+00 7.24195177e+00 6.99022539e-03]
 [6.91708817e-03 6.99022539e-03 1.73267975e+00]]
time assembling system 0.058333740000307444
time in solving system 0.2682243899998866
time in solving system 0.06428545500057226
time in solving system 0.06998962199941161
[[7.15946499 3.47638364 0.00918971]
 [3.47638364 7.15569884 0.00956109]
 [0.00918971 0.00956109 1.71573267]]
time assembling system 0.05630184799883864
time in solving system 0.22732548899875837
time in solving system 0.05797745500058227
time in solving system 0.0566896820000693
[[ 8.19565069e+00  3.98827363e+00 -1.59628546e-04]
 [ 3.98827363e+00  8.19999044e+00 -1.72527925e-04]
 [-1.59628546e-04 -1.72527925e-04  1.96885126e+00]]
time assembling system 0.06058904999918013
time in solving system 0.20630078600152046
time in solving system 0.05567345000054047
time in solving system 0.05609973799982981
[[6.92046729e+00 3.33288331e+00 1.60291479e-03]
 [3.33288331e+00 6.91795865e+00 1.65588397e-03]
 [1.60291479e-03 1.65588397e-03 1.64372696e+00]]
time assembling system 0.05229773500104784
time in solving system 0.19525786099984543
time in solving system 0.05558082599964109
time in solving system 0.055263416999878245
[[ 7.32619617  3.55976211 -0.00754997]
 [ 3.55976211  7.31951675 -0.00812387]
 [-0.00754997 -0.00812387  1.75625325]]
time assembling system 0.05379906699999992
time in solving system 0.20614993199887977
time in solving system 0.059751435999714886
time in solving system 0.059926113000983605
[[ 7.96317654e+00  3.87316160e+00 -1.90938487e-03]
 [ 3.87316160e+00  7.94188824e+00 -2.14183955e-03]
 [-1.90938487e-03 -2.14183955e-03  1.91103614e+00]]
time assembling system 0.059416871999928844
time in solving system 0.21355383499940217
time in solving system 0.06302343600145832
time in solving system 0.06175734899989038
[[ 6.12627541e+00  2.93681058e+00 -3.75196481e-04]
 [ 2.93681058e+00  6.13306471e+00 -3.08923071e-04]
 [-3.75196481e-04 -3.08923071e-04  1.44646105e+00]]
time assembling system 0.06171053099933488
time in solving system 0.20754364999993413
time in solving system 0.061388080999677186
time in solving system 0.05852265599969542
[[ 6.71765103e+00  3.23425161e+00 -2.33190766e-03]
 [ 3.23425161e+00  6.71574854e+00 -2.38557414e-03]
 [-2.33190766e-03 -2.38557414e-03  1.59492309e+00]]
time assembling system 0.05542311400131439
time in solving system 0.21109534000061103
time in solving system 0.06087844600006065
time in solving system 0.05878067400044529
[[ 7.50412355e+00  3.64315366e+00 -1.33002241e-03]
 [ 3.64315366e+00  7.45434436e+00 -1.86764133e-03]
 [-1.33002241e-03 -1.86764133e-03  1.79643667e+00]]
time assembling system 0.05925742699946568
time in solving system 0.22343769500002963
time in solving system 0.061557971999718575
time in solving system 0.08352306699998735
[[6.85446056e+00 3.30585913e+00 1.12513963e-03]
 [3.30585913e+00 6.86140202e+00 9.86039865e-04]
 [1.12513963e-03 9.86039865e-04 1.63010808e+00]]
time assembling system 0.06202907800070534
time in solving system 0.2353149829996255
time in solving system 0.06031934700149577
time in solving system 0.05694096799925319
[[8.36947243e+00 4.08166106e+00 4.98960423e-03]
 [4.08166106e+00 8.35462622e+00 5.70661171e-03]
 [4.98960423e-03 5.70661171e-03 2.01464755e+00]]
time assembling system 0.05333077199975378
time in solving system 0.22535075899941148
time in solving system 0.05639121999956842
time in solving system 0.05782955099857645
[[ 7.30905789e+00  3.55106779e+00 -7.13412406e-03]
 [ 3.55106779e+00  7.32274913e+00 -6.20555635e-03]
 [-7.13412406e-03 -6.20555635e-03  1.75230251e+00]]
time assembling system 0.05236151099961717
time in solving system 0.2106494850013405
time in solving system 0.058129704999373644
time in solving system 0.05651913800102193
[[6.93211193e+00 3.34713702e+00 3.90237529e-03]
 [3.34713702e+00 6.93341670e+00 3.84956800e-03]
 [3.90237529e-03 3.84956800e-03 1.65121377e+00]]
time assembling system 0.05077805500150134
time in solving system 0.22098142899994855
time in solving system 0.0595075450000877
time in solving system 0.05993635800041375
[[ 7.87078929e+00  3.81597998e+00 -2.22336066e-03]
 [ 3.81597998e+00  7.87099606e+00 -2.21848404e-03]
 [-2.22336066e-03 -2.21848404e-03  1.88368899e+00]]
time assembling system 0.05472098000063852
time in solving system 0.20481530600045517
time in solving system 0.05712226900141104
time in solving system 0.059075315000882256
[[5.59854108e+00 2.67334153e+00 3.24286461e-04]
 [2.67334153e+00 5.59653669e+00 3.31727865e-04]
 [3.24286461e-04 3.31727865e-04 1.31490878e+00]]
time assembling system 0.05324248800025089
time in solving system 0.1966510259990173
time in solving system 0.05921972400028608
time in solving system 0.058569456999975955
[[ 6.53095787e+00  3.14941699e+00 -3.92728556e-04]
 [ 3.14941699e+00  6.54838629e+00 -5.43694584e-04]
 [-3.92728556e-04 -5.43694584e-04  1.55207159e+00]]
time assembling system 0.05327878000025521
time in solving system 0.1972950760009553
time in solving system 0.05893855100111978
time in solving system 0.059162577001188765
[[ 8.62881609e+00  4.21339392e+00 -6.45762014e-03]
 [ 4.21339392e+00  8.63104142e+00 -6.29411199e-03]
 [-6.45762014e-03 -6.29411199e-03  2.08031183e+00]]
time assembling system 0.05380905699894356
time in solving system 0.20858989600128552
time in solving system 0.06285014700006286
time in solving system 0.05879876000108197
[[5.99042890e+00 2.87202877e+00 1.52340274e-03]
 [2.87202877e+00 5.97797571e+00 1.50516441e-03]
 [1.52340274e-03 1.50516441e-03 1.41395047e+00]]
time assembling system 0.05585933000111254
time in solving system 0.2045211950007797
time in solving system 0.06094045000099868
time in solving system 0.06016723399989132
[[ 8.17892156e+00  3.97839833e+00 -8.16563901e-04]
 [ 3.97839833e+00  8.16114414e+00 -9.56966007e-04]
 [-8.16563901e-04 -9.56966007e-04  1.96364487e+00]]
time assembling system 0.0551703830005863
time in solving system 0.2092595739995886
time in solving system 0.060384668000551756
time in solving system 0.0588475960012147
[[1.03242587e+01 5.08729702e+00 4.83418101e-03]
 [5.08729702e+00 1.03243421e+01 4.82271888e-03]
 [4.83418101e-03 4.82271888e-03 2.51368419e+00]]
time assembling system 0.051514385999325896
time in solving system 0.23131878999993205
time in solving system 0.058659033000367344
time in solving system 0.06263260200103105
[[ 7.03860815e+00  3.40628197e+00 -3.74040163e-03]
 [ 3.40628197e+00  7.03930082e+00 -3.70873090e-03]
 [-3.74040163e-03 -3.70873090e-03  1.68005372e+00]]
time assembling system 0.057085115999143454
time in solving system 0.2134466320003412
time in solving system 0.07410968799922557
time in solving system 0.06918489400050021
[[ 7.24833144e+00  3.50720175e+00 -4.71928746e-03]
 [ 3.50720175e+00  7.24375354e+00 -4.95130787e-03]
 [-4.71928746e-03 -4.95130787e-03  1.73047978e+00]]
time assembling system 0.06535533100031898
time in solving system 0.21450462199936737
time in solving system 0.05654977000085637
time in solving system 0.05616270199971041
[[8.47151063e+00 4.12390243e+00 1.62599670e-03]
 [4.12390243e+00 8.47157789e+00 1.62485171e-03]
 [1.62599670e-03 1.62485171e-03 2.03654896e+00]]
time assembling system 0.04940405500019551
time in solving system 0.21469152700046834
time in solving system 0.05577286799962167
time in solving system 0.05764724300024682
[[ 8.11106314  3.95752207 -0.01066283]
 [ 3.95752207  8.11167571 -0.01058237]
 [-0.01066283 -0.01058237  1.95311839]]
time assembling system 0.05472943399945507
time in solving system 0.21732741000050737
time in solving system 0.0615189680011099
time in solving system 0.05899808899994241
[[8.3660227  4.09691815 0.01075247]
 [4.09691815 8.38223121 0.00909613]
 [0.01075247 0.00909613 2.02204918]]
time assembling system 0.05609103499955381
time in solving system 0.21515033600007882
time in solving system 0.06240161999994598
time in solving system 0.060301194000203395
[[ 7.13546850e+00  3.45359450e+00 -2.37356160e-03]
 [ 3.45359450e+00  7.14223082e+00 -2.15799492e-03]
 [-2.37356160e-03 -2.15799492e-03  1.70337259e+00]]
time assembling system 0.056707845000346424
time in solving system 0.22482891399886284
time in solving system 0.060951574001592235
time in solving system 0.06329314999857161
[[ 8.47562151e+00  4.14086053e+00 -7.56699392e-03]
 [ 4.14086053e+00  8.47044974e+00 -7.94893399e-03]
 [-7.56699392e-03 -7.94893399e-03  2.04396820e+00]]
time assembling system 0.059226613000646466
time in solving system 0.21905434100153798
time in solving system 0.05722607200004859
time in solving system 0.05722956499994325
[[ 8.21099654  4.01239092 -0.01062684]
 [ 4.01239092  8.2166315  -0.01005461]
 [-0.01062684 -0.01005461  1.98061699]]
time assembling system 0.052930879000996356
time in solving system 0.22298014300031355
time in solving system 0.060966459999690414
time in solving system 0.06307271500008937
[[ 7.12753076e+00  3.43971011e+00 -2.32903806e-03]
 [ 3.43971011e+00  7.12601074e+00 -2.36306294e-03]
 [-2.32903806e-03 -2.36306294e-03  1.69680927e+00]]
time assembling system 0.05842417199892225
time in solving system 0.2252370839996729
time in solving system 0.05784731499988993
time in solving system 0.05920692499967117
[[8.11794034e+00 3.94565911e+00 2.88235543e-03]
 [3.94565911e+00 8.11226325e+00 3.02897345e-03]
 [2.88235543e-03 3.02897345e-03 1.94779608e+00]]
time assembling system 0.05909508100012317
time in solving system 0.2236586309991253
time in solving system 0.05715162099841109
time in solving system 0.05770912299885822
[[8.64833980e+00 4.23270784e+00 2.43757187e-04]
 [4.23270784e+00 8.66649764e+00 2.06173032e-04]
 [2.43757187e-04 2.06173032e-04 2.08932427e+00]]
time assembling system 0.05652055099926656
time in solving system 0.20993025900133944
time in solving system 0.057945690999986255
time in solving system 0.06016385799921409
[[ 8.38223286e+00  4.08393154e+00 -3.63837913e-03]
 [ 4.08393154e+00  8.38166040e+00 -3.65685498e-03]
 [-3.63837913e-03 -3.65685498e-03  2.01629546e+00]]
time assembling system 0.0628830610003206
time in solving system 0.23525803499978792
time in solving system 0.05933189200004563
time in solving system 0.11148859600143624
[[ 8.49159683e+00  4.14168503e+00 -4.79640729e-03]
 [ 4.14168503e+00  8.49088426e+00 -4.82876206e-03]
 [-4.79640729e-03 -4.82876206e-03  2.04483761e+00]]
time assembling system 0.06341994799913664
time in solving system 0.23991871299949707
time in solving system 0.05990755099992384
time in solving system 0.05748204399969836
[[ 6.46551783e+00  3.10874424e+00 -2.03597861e-03]
 [ 3.10874424e+00  6.45444421e+00 -2.11894419e-03]
 [-2.03597861e-03 -2.11894419e-03  1.53194339e+00]]
time assembling system 0.05781367599956866
time in solving system 0.23389198800032318
time in solving system 0.05891068699929747
time in solving system 0.05961747299988929
[[8.01252068e+00 3.89146081e+00 3.73489416e-03]
 [3.89146081e+00 8.01187213e+00 3.75956586e-03]
 [3.73489416e-03 3.75956586e-03 1.92101577e+00]]
time assembling system 0.05208874699928856
time in solving system 0.24162354299915023
time in solving system 0.06090269500055001
time in solving system 0.06296053000005486
[[6.51677319e+00 3.14008868e+00 1.71560707e-04]
 [3.14008868e+00 6.51253736e+00 2.53824638e-04]
 [1.71560707e-04 2.53824638e-04 1.54750324e+00]]
time assembling system 0.051481664000675664
time in solving system 0.26329257799989136
time in solving system 0.07191605700063519
time in solving system 0.060945872000957024
[[ 8.91156063  4.37789522 -0.0162265 ]
 [ 4.37789522  8.91133657 -0.0163066 ]
 [-0.0162265  -0.0163066   2.1606392 ]]
time assembling system 0.052439696999499574
time in solving system 0.2746960519998538
time in solving system 0.06219234799937112
time in solving system 0.0624915129992587
[[8.95910121e+00 4.38008747e+00 4.50423808e-03]
 [4.38008747e+00 8.95937630e+00 4.48937759e-03]
 [4.50423808e-03 4.48937759e-03 2.16318798e+00]]
time assembling system 0.05652253900007054
time in solving system 0.23435096199864347
time in solving system 0.05736593300025561
time in solving system 0.058838920000198414
[[ 6.22573739e+00  2.98601835e+00 -9.99403765e-04]
 [ 2.98601835e+00  6.22559483e+00 -9.99625287e-04]
 [-9.99403765e-04 -9.99625287e-04  1.47080863e+00]]
time assembling system 0.05417222899995977
time in solving system 0.23544108200076153
time in solving system 0.0582409849994292
time in solving system 0.05667286999960197
[[ 7.75303366e+00  3.79392846e+00 -5.05132483e-05]
 [ 3.79392846e+00  7.79785725e+00  1.70719910e-05]
 [-5.05132483e-05  1.70719910e-05  1.87101185e+00]]
time assembling system 0.055881084999782615
time in solving system 0.22888803299974825
time in solving system 0.05797607400018023
time in solving system 0.05664740400061419
[[ 5.94982606e+00  2.84656858e+00 -2.02246493e-04]
 [ 2.84656858e+00  5.95043215e+00 -1.95065907e-04]
 [-2.02246493e-04 -1.95065907e-04  1.40159125e+00]]
time assembling system 0.05160263200014015
time in solving system 0.19963640599962673
time in solving system 0.060998122000455623
time in solving system 0.06139948800046113
[[8.87033756e+00 4.33780017e+00 1.34339505e-03]
 [4.33780017e+00 8.87845433e+00 1.22881279e-03]
 [1.34339505e-03 1.22881279e-03 2.14207081e+00]]
time assembling system 0.0531871980001597
time in solving system 0.2103630819983664
time in solving system 0.05633363999913854
time in solving system 0.05659231699974043
[[8.78149541e+00 4.29201971e+00 5.87420223e-03]
 [4.29201971e+00 8.77498710e+00 6.34154657e-03]
 [5.87420223e-03 6.34154657e-03 2.11906773e+00]]
time assembling system 0.05158983200090006
time in solving system 0.2199039979986992
time in solving system 0.06450532899907557
time in solving system 0.06470168399937393
[[ 8.69375385e+00  4.24015458e+00 -1.92907653e-03]
 [ 4.24015458e+00  8.69212946e+00 -1.96035307e-03]
 [-1.92907653e-03 -1.96035307e-03  2.09404905e+00]]
time assembling system 0.05726125599903753
time in solving system 0.2194297700007155
time in solving system 0.05639963600151532
time in solving system 0.06105483700048353
[[7.63197056e+00 3.71772661e+00 7.12465352e-04]
 [3.71772661e+00 7.66320087e+00 6.68291881e-04]
 [7.12465352e-04 6.68291881e-04 1.83396102e+00]]
