Solving linear variational problem.
time assembling system 0.0429936309999448
time in solving system 0.09742230599999857
time in solving system 0.04524740700003349
time in solving system 0.045267731000194544
[[ 8.9757178   4.21318566 -0.00972673]
 [ 4.21318566  8.97575976 -0.00972739]
 [-0.00972673 -0.00972739  2.19347935]]
time assembling system 0.041275323000036224
time in solving system 0.0952339339999071
time in solving system 0.04545046899988847
time in solving system 0.045168924999870796
[[ 7.23655098e+00  3.33075053e+00 -3.06322338e-03]
 [ 3.33075053e+00  7.23956714e+00 -3.06011613e-03]
 [-3.06322338e-03 -3.06011613e-03  1.75310300e+00]]
time assembling system 0.04138881499989111
time in solving system 0.09478044599995883
time in solving system 0.04539749499986101
time in solving system 0.045118499999944106
[[7.21703328e+00 3.31347814e+00 6.33195612e-03]
 [3.31347814e+00 7.21701836e+00 6.33070107e-03]
 [6.33195612e-03 6.33070107e-03 1.74736375e+00]]
time assembling system 0.041371496000010666
time in solving system 0.09550963800006684
time in solving system 0.04518059799988805
time in solving system 0.04512347200011391
[[8.32565736e+00 3.87828819e+00 1.64612038e-03]
 [3.87828819e+00 8.32708714e+00 1.65579151e-03]
 [1.64612038e-03 1.65579151e-03 2.02668755e+00]]
time assembling system 0.04244859599998563
time in solving system 0.09575966500005961
time in solving system 0.04527718100007405
time in solving system 0.04517006600008244
[[1.04904906e+01 5.00756608e+00 8.20638949e-03]
 [5.00756608e+00 1.04814128e+01 8.13705500e-03]
 [8.20638949e-03 8.13705500e-03 2.58625815e+00]]
time assembling system 0.041454683999972985
time in solving system 0.09530993099997431
time in solving system 0.04515664399991692
time in solving system 0.045092976999967505
[[8.69981080e+00 4.07837217e+00 2.63445880e-03]
 [4.07837217e+00 8.66442777e+00 2.42448080e-03]
 [2.63445880e-03 2.42448080e-03 2.12469883e+00]]
time assembling system 0.04274538799995753
time in solving system 0.09500626099998044
time in solving system 0.04516418200000771
time in solving system 0.050946522000003824
[[ 8.47209043e+00  3.96493120e+00 -6.51558424e-03]
 [ 3.96493120e+00  8.44284925e+00 -5.74602222e-03]
 [-6.51558424e-03 -5.74602222e-03  2.06875753e+00]]
time assembling system 0.04386538800008566
time in solving system 0.1077513979998912
time in solving system 0.04619816800004628
time in solving system 0.045587044000058086
[[ 8.29673598  3.86905228 -0.01440377]
 [ 3.86905228  8.28044251 -0.0136138 ]
 [-0.01440377 -0.0136138   2.02449602]]
time assembling system 0.04058975500015549
time in solving system 0.09451116200011711
time in solving system 0.045471637999980885
time in solving system 0.06492885800003023
[[10.55569923  5.04343849 -0.02180239]
 [ 5.04343849 10.55851709 -0.02185885]
 [-0.02180239 -0.02185885  2.60613029]]
time assembling system 0.04173083000000588
time in solving system 0.09465689599983307
time in solving system 0.045184891999952015
time in solving system 0.0452493279999544
[[ 6.62142611  3.01096367 -0.02231112]
 [ 3.01096367  6.62142315 -0.02230243]
 [-0.02231112 -0.02230243  1.61441708]]
time assembling system 0.04139939900005629
time in solving system 0.09453856799996174
time in solving system 0.04534977799994522
time in solving system 0.04609336899989103
[[8.56916046 4.01281621 0.0342131 ]
 [4.01281621 8.568149   0.03412514]
 [0.0342131  0.03412514 2.10704262]]
time assembling system 0.04303125199999158
time in solving system 0.09839260600006128
time in solving system 0.04675224400011757
time in solving system 0.04622899299988603
[[7.1334266  3.27974821 0.01115116]
 [3.27974821 7.14052314 0.0123713 ]
 [0.01115116 0.0123713  1.73181865]]
time assembling system 0.04164664400013862
time in solving system 0.0957457910001267
time in solving system 0.04579723799997737
time in solving system 0.04505748399992626
[[ 7.66729424  3.54142697 -0.01074692]
 [ 3.54142697  7.65635964 -0.01015731]
 [-0.01074692 -0.01015731  1.86103786]]
time assembling system 0.04179187099998671
time in solving system 0.0962676179999562
time in solving system 0.04616258700002618
time in solving system 0.0468980890000239
[[9.73635924 4.61968016 0.03192806]
 [4.61968016 9.74559236 0.03230203]
 [0.03192806 0.03230203 2.40141959]]
time assembling system 0.042994936000013695
time in solving system 0.09625607600014519
time in solving system 0.045223830000168164
time in solving system 0.04539224399991326
[[ 8.53364334  3.99139384 -0.04777228]
 [ 3.99139384  8.53030419 -0.04737817]
 [-0.04777228 -0.04737817  2.10690335]]
time assembling system 0.04303924200007714
time in solving system 0.09593306199985818
time in solving system 0.04505039399987254
time in solving system 0.05110157900003287
[[7.17739187 3.29602934 0.03282449]
 [3.29602934 7.17913046 0.03349325]
 [0.03282449 0.03349325 1.76034811]]
time assembling system 0.044425674000194704
time in solving system 0.10510668899996745
time in solving system 0.04947397999990244
time in solving system 0.04891971500001091
[[ 6.98153751  3.19021745 -0.02348346]
 [ 3.19021745  6.98139784 -0.0234347 ]
 [-0.02348346 -0.0234347   1.70145808]]
time assembling system 0.044709079999847745
time in solving system 0.1015813710000657
time in solving system 0.048241175999919506
time in solving system 0.047719953000068926
[[ 6.54840884  2.97413724 -0.00808387]
 [ 2.97413724  6.54856157 -0.00848309]
 [-0.00808387 -0.00848309  1.57972497]]
time assembling system 0.0426246260001335
time in solving system 0.09648820300003536
time in solving system 0.04521947800003545
time in solving system 0.04521917000010944
[[ 8.63809861  4.04105127 -0.02248743]
 [ 4.04105127  8.62377055 -0.02177226]
 [-0.02248743 -0.02177226  2.11291287]]
time assembling system 0.04282580099993538
time in solving system 0.09586840599990865
time in solving system 0.04556263500012392
time in solving system 0.04487299199990957
[[ 6.82857021  3.11925558 -0.02297376]
 [ 3.11925558  6.82831432 -0.02276707]
 [-0.02297376 -0.02276707  1.6640482 ]]
time assembling system 0.041468647000101555
time in solving system 0.09573230699993474
time in solving system 0.04519052800014833
time in solving system 0.04520256099999642
[[10.46364186  4.99395923 -0.01923759]
 [ 4.99395923 10.46352222 -0.01923545]
 [-0.01923759 -0.01923545  2.58084877]]
time assembling system 0.04149657999982992
time in solving system 0.09858826699996825
time in solving system 0.047202008999875034
time in solving system 0.046666055000059714
[[ 6.53350136  2.97389787 -0.02570418]
 [ 2.97389787  6.53362845 -0.02555579]
 [-0.02570418 -0.02555579  1.59891779]]
time assembling system 0.043031701000018074
time in solving system 0.10029420499995467
time in solving system 0.048898582999981954
time in solving system 0.04835140700015472
[[8.17801607e+00 3.80604893e+00 7.81303939e-03]
 [3.80604893e+00 8.17496634e+00 7.75990240e-03]
 [7.81303939e-03 7.75990240e-03 1.99096400e+00]]
time assembling system 0.04470134899997902
time in solving system 0.09956273200009491
time in solving system 0.04860605400017448
time in solving system 0.04818453799998679
[[ 9.15369513  4.30759245 -0.04269082]
 [ 4.30759245  9.15723837 -0.04291915]
 [-0.04269082 -0.04291915  2.25483568]]
time assembling system 0.04308777800019925
time in solving system 0.1164437850000013
time in solving system 0.047085137999829385
time in solving system 0.04703317700000298
[[ 9.9047217   4.70398654 -0.02457712]
 [ 4.70398654  9.88635638 -0.02401713]
 [-0.02457712 -0.02401713  2.44014256]]
time assembling system 0.04209433899995929
time in solving system 0.09748086199988393
time in solving system 0.04687087699994663
time in solving system 0.04664050699989275
[[8.08595241 3.76664814 0.00829047]
 [3.76664814 8.10070904 0.00863404]
 [0.00829047 0.00863404 1.97121568]]
time assembling system 0.04211615700000948
time in solving system 0.09940827900004479
time in solving system 0.0468618500001412
time in solving system 0.04779087800011439
[[ 8.93943233e+00  4.20254635e+00 -7.50692541e-03]
 [ 4.20254635e+00  8.95025264e+00 -7.66572341e-03]
 [-7.50692541e-03 -7.66572341e-03  2.18772949e+00]]
time assembling system 0.04222583699993265
time in solving system 0.097657388000016
time in solving system 0.046519748000037
time in solving system 0.04623962000005122
[[ 9.80893202  4.65194984 -0.01206667]
 [ 4.65194984  9.80575526 -0.01202148]
 [-0.01206667 -0.01202148  2.41065013]]
time assembling system 0.0414802900002087
time in solving system 0.09648635600001398
time in solving system 0.04519937000009122
time in solving system 0.04518204999999398
[[7.87411272 3.65168594 0.01434958]
 [3.65168594 7.883986   0.01496589]
 [0.01434958 0.01496589 1.91802214]]
time assembling system 0.040792832999841266
time in solving system 0.09457926100003533
time in solving system 0.04532594700003756
time in solving system 0.04501275799998439
[[8.15040365 3.78862659 0.05523017]
 [3.78862659 8.15168472 0.05544423]
 [0.05523017 0.05544423 2.01704344]]
time assembling system 0.04124875399998018
time in solving system 0.09672230899991519
time in solving system 0.04544912699998349
time in solving system 0.04523782499995832
[[ 7.95774772e+00  3.68929298e+00 -7.47180526e-03]
 [ 3.68929298e+00  7.94789918e+00 -7.16192025e-03]
 [-7.47180526e-03 -7.16192025e-03  1.93362342e+00]]
time assembling system 0.04114809599991531
time in solving system 0.09476324000002023
time in solving system 0.04535288399983983
time in solving system 0.045014394999952856
[[10.1242039   4.81886688 -0.02222135]
 [ 4.81886688 10.1132476  -0.0219513 ]
 [-0.02222135 -0.0219513   2.49605549]]
time assembling system 0.042860732000008284
time in solving system 0.09870900299983987
time in solving system 0.0470648150001125
time in solving system 0.04674531700015905
[[9.59011013 4.53408018 0.04331741]
 [4.53408018 9.59159805 0.04339612]
 [0.04331741 0.04339612 2.36494852]]
time assembling system 0.0424754779999148
time in solving system 0.10082645999978013
time in solving system 0.04689227399990159
time in solving system 0.04681434799999806
[[ 7.02556438  3.20665296 -0.00965624]
 [ 3.20665296  7.02554533 -0.00965416]
 [-0.00965624 -0.00965416  1.69689671]]
time assembling system 0.04214564800008702
time in solving system 0.09754884300014055
time in solving system 0.04679702399994312
time in solving system 0.04674177700007931
[[ 7.47251076e+00  3.45442922e+00 -6.60139186e-03]
 [ 3.45442922e+00  7.45674358e+00 -5.72016117e-03]
 [-6.60139186e-03 -5.72016117e-03  1.81432707e+00]]
time assembling system 0.042599248000215084
time in solving system 0.09750185699999747
time in solving system 0.046491159999959564
time in solving system 0.04627029399989624
[[6.86191278e+00 3.12493025e+00 5.08298477e-03]
 [3.12493025e+00 6.86235047e+00 5.11977058e-03]
 [5.08298477e-03 5.11977058e-03 1.65370122e+00]]
time assembling system 0.04121661599992876
time in solving system 0.09864047900009609
time in solving system 0.04573667999989084
time in solving system 0.04587069700005486
[[ 9.0416171   4.25269595 -0.02946227]
 [ 4.25269595  9.02486532 -0.02856863]
 [-0.02946227 -0.02856863  2.22017053]]
time assembling system 0.04061598399994182
time in solving system 0.09460465999995904
time in solving system 0.045233941000105915
time in solving system 0.04495355099993503
[[8.53923618 3.99150291 0.03698794]
 [3.99150291 8.54682661 0.03761638]
 [0.03698794 0.03761638 2.09816263]]
time assembling system 0.041485296000018934
time in solving system 0.09491285100011737
time in solving system 0.045367985999973826
time in solving system 0.045096058000126504
[[ 9.88406705  4.69020452 -0.03499756]
 [ 4.69020452  9.88636559 -0.03508706]
 [-0.03499756 -0.03508706  2.43691141]]
time assembling system 0.04144966900003055
time in solving system 0.09818563500016353
time in solving system 0.045658739999907993
time in solving system 0.04538882199994987
[[ 8.74739088  4.09904787 -0.04131152]
 [ 4.09904787  8.74664999 -0.04124979]
 [-0.04131152 -0.04124979  2.15343121]]
time assembling system 0.04075562799994259
time in solving system 0.09461790699992889
time in solving system 0.0452472189999753
time in solving system 0.045073906999959945
[[ 7.41175413e+00  3.41750039e+00 -7.30534529e-03]
 [ 3.41750039e+00  7.40777763e+00 -7.16569170e-03]
 [-7.30534529e-03 -7.16569170e-03  1.79712436e+00]]
time assembling system 0.040887130000101024
time in solving system 0.0947684489999574
time in solving system 0.04531731400015815
time in solving system 0.04527293399996779
[[ 6.47674002  2.94884687 -0.01161734]
 [ 2.94884687  6.47878635 -0.01080851]
 [-0.01161734 -0.01080851  1.56716568]]
time assembling system 0.041644942999937484
time in solving system 0.09799368399990271
time in solving system 0.04529276600010235
time in solving system 0.04507792399999744
[[ 9.43713708  4.45405407 -0.03355457]
 [ 4.45405407  9.43283726 -0.03336549]
 [-0.03355457 -0.03336549  2.32064201]]
time assembling system 0.0407799409999825
time in solving system 0.0945937149999736
time in solving system 0.045834649999960675
time in solving system 0.04565971400006674
[[ 6.58098761  2.99265258 -0.0102204 ]
 [ 2.99265258  6.5809023  -0.00989054]
 [-0.0102204  -0.00989054  1.58933907]]
time assembling system 0.04143778299999212
time in solving system 0.0947117849998449
time in solving system 0.04526051399989228
time in solving system 0.045057820000010906
[[8.35437594 3.89861627 0.01232044]
 [3.89861627 8.33195405 0.01144217]
 [0.01232044 0.01144217 2.03791377]]
time assembling system 0.041262376000076983
time in solving system 0.09839711600011469
time in solving system 0.04545580100011648
time in solving system 0.04742854200003421
[[8.08228531 3.77235554 0.01096059]
 [3.77235554 8.09756548 0.01142758]
 [0.01096059 0.01142758 1.97383057]]
time assembling system 0.04350849100001142
time in solving system 0.10203718699995079
time in solving system 0.04710909999994328
time in solving system 0.046932358000049135
[[9.00818831 4.23360014 0.02875844]
 [4.23360014 9.00905261 0.02880045]
 [0.02875844 0.02880045 2.21074547]]
time assembling system 0.04337094100014838
time in solving system 0.1007760469999539
time in solving system 0.04771029499988799
time in solving system 0.047739167000145244
[[ 8.49903499  3.96689814 -0.05673335]
 [ 3.96689814  8.4951154  -0.0562219 ]
 [-0.05673335 -0.0562219   2.1019881 ]]
time assembling system 0.04318222599999899
time in solving system 0.10227263399997355
time in solving system 0.04809669099995517
time in solving system 0.0472271680000631
[[ 7.30017458  3.36044158 -0.02975153]
 [ 3.36044158  7.29469422 -0.02814255]
 [-0.02975153 -0.02814255  1.78587068]]
time assembling system 0.042272469999943496
time in solving system 0.09853267400012555
time in solving system 0.047318777999862505
time in solving system 0.04703425299999253
[[8.92761097e+00 4.21128066e+00 4.68190606e-04]
 [4.21128066e+00 8.96059004e+00 5.31358724e-04]
 [4.68190606e-04 5.31358724e-04 2.19098260e+00]]
time assembling system 0.04259052299994437
time in solving system 0.09862813500012635
time in solving system 0.0469308069998533
time in solving system 0.04706448499996441
[[7.03499266 3.2120099  0.01134893]
 [3.2120099  7.0348826  0.01133493]
 [0.01134893 0.01133493 1.70059206]]
time assembling system 0.04309003799994571
time in solving system 0.10172294300014073
time in solving system 0.04646239999988211
time in solving system 0.045828540999991674
[[7.65625626 3.53510267 0.03334336]
 [3.53510267 7.65573354 0.03325608]
 [0.03334336 0.03325608 1.87644403]]
time assembling system 0.04123669299997346
time in solving system 0.09592553699985729
time in solving system 0.0468761849999737
time in solving system 0.04649036099999648
[[7.58852966 3.50167798 0.04682382]
 [3.50167798 7.58683873 0.04638445]
 [0.04682382 0.04638445 1.87348045]]
time assembling system 0.04216498899995713
time in solving system 0.09778101000006245
time in solving system 0.04665869399991607
time in solving system 0.04647638899996309
[[8.61627497e+00 4.03121433e+00 8.06234598e-03]
 [4.03121433e+00 8.62091301e+00 8.13155808e-03]
 [8.06234598e-03 8.13155808e-03 2.10298946e+00]]
time assembling system 0.045025446000181546
time in solving system 0.11246248499992362
time in solving system 0.04874272100005328
time in solving system 0.04858873499983929
[[7.24528408 3.31939956 0.01139188]
 [3.31939956 7.24438798 0.01131001]
 [0.01139188 0.01131001 1.75344097]]
time assembling system 0.0435311339999771
time in solving system 0.10116370399987318
time in solving system 0.04790522000007513
time in solving system 0.047461169999905906
[[ 7.80618982  3.61335659 -0.04563006]
 [ 3.61335659  7.80243438 -0.04488818]
 [-0.04563006 -0.04488818  1.92329201]]
time assembling system 0.04180294999991929
time in solving system 0.09772864899991873
time in solving system 0.04659638799989807
time in solving system 0.04687557000011111
[[8.61646322e+00 4.03433948e+00 8.44694111e-03]
 [4.03433948e+00 8.59533857e+00 8.13152698e-03]
 [8.44694111e-03 8.13152698e-03 2.10380780e+00]]
time assembling system 0.0429381909998483
time in solving system 0.11915774700014481
time in solving system 0.04747471200016662
time in solving system 0.04732186499995805
[[ 6.45596701e+00  2.92459617e+00 -4.84119228e-03]
 [ 2.92459617e+00  6.45593123e+00 -4.98793465e-03]
 [-4.84119228e-03 -4.98793465e-03  1.55349700e+00]]
time assembling system 0.043350583999881565
time in solving system 0.09920086500005709
time in solving system 0.04795724800010248
time in solving system 0.04665688500017495
[[ 7.07607319  3.23660802 -0.01363434]
 [ 3.23660802  7.07557238 -0.01355249]
 [-0.01363434 -0.01355249  1.71440586]]
time assembling system 0.041909252000095876
time in solving system 0.09647948099996029
time in solving system 0.04540211799985627
time in solving system 0.045076612999991994
[[8.39570423e+00 3.92783171e+00 1.03379059e-04]
 [3.92783171e+00 8.35759805e+00 2.12894358e-04]
 [1.03379059e-04 2.12894358e-04 2.04890960e+00]]
time assembling system 0.04094032399984826
time in solving system 0.09831850000000486
time in solving system 0.047386029999870516
time in solving system 0.04693311100004394
[[7.23685622 3.31932014 0.0140244 ]
 [3.31932014 7.23916526 0.01429311]
 [0.0140244  0.01429311 1.75437432]]
time assembling system 0.04211862899978769
time in solving system 0.09705638299988095
time in solving system 0.04631292299995948
time in solving system 0.04609717899984389
[[8.97424786 4.21897369 0.01022446]
 [4.21897369 8.95506941 0.00980375]
 [0.01022446 0.00980375 2.19620368]]
time assembling system 0.040651534999824435
time in solving system 0.09445609099998364
time in solving system 0.04565027800003918
time in solving system 0.045444511999903625
[[ 7.80570034  3.61750267 -0.03185672]
 [ 3.61750267  7.81342545 -0.03298554]
 [-0.03185672 -0.03298554  1.91436996]]
time assembling system 0.04132084700017913
time in solving system 0.09977713900002527
time in solving system 0.050462603000141826
time in solving system 0.04828195200002483
[[7.32928272 3.36759212 0.01879767]
 [3.36759212 7.32975439 0.01886878]
 [0.01879767 0.01886878 1.78269003]]
time assembling system 0.04408177799996338
time in solving system 0.10370438399991144
time in solving system 0.04876464900007704
time in solving system 0.04899153199994544
[[ 8.17802041  3.79734108 -0.01261071]
 [ 3.79734108  8.17819168 -0.01261665]
 [-0.01261071 -0.01261665  1.98943817]]
time assembling system 0.043800428999929863
time in solving system 0.10037819500007572
time in solving system 0.04798338000000513
time in solving system 0.04735333899998295
[[5.89263430e+00 2.64855113e+00 6.01886191e-04]
 [2.64855113e+00 5.89326255e+00 5.87888379e-04]
 [6.01886191e-04 5.87888379e-04 1.41273170e+00]]
time assembling system 0.04228047199990215
time in solving system 0.10152737199996409
time in solving system 0.047010037000063676
time in solving system 0.04804780099993877
[[7.00102129 3.20578711 0.00989106]
 [3.20578711 7.00444246 0.01040281]
 [0.00989106 0.01040281 1.69453742]]
time assembling system 0.043797743999903105
time in solving system 0.10167411199995513
time in solving system 0.04733335499986424
time in solving system 0.047291536000102496
[[ 8.99012603  4.22248033 -0.02969871]
 [ 4.22248033  8.99339114 -0.02985728]
 [-0.02969871 -0.02985728  2.20573358]]
time assembling system 0.04185096300011537
time in solving system 0.09480432400005157
time in solving system 0.04525335499988614
time in solving system 0.04501771399986865
[[ 6.42330982  2.91700167 -0.00703458]
 [ 2.91700167  6.42436931 -0.0067331 ]
 [-0.00703458 -0.0067331   1.54864006]]
time assembling system 0.04130730399992899
time in solving system 0.1043504669999038
time in solving system 0.0485193789997993
time in solving system 0.04649788899996565
[[ 8.70287731e+00  4.07452383e+00 -2.88033009e-03]
 [ 4.07452383e+00  8.68349047e+00 -2.75527094e-03]
 [-2.88033009e-03 -2.75527094e-03  2.12352048e+00]]
time assembling system 0.040843179000148666
time in solving system 0.09451023000019632
time in solving system 0.04530218400009289
time in solving system 0.0449764969998796
[[10.6471832   5.09064306  0.01895938]
 [ 5.09064306 10.64771292  0.01896838]
 [ 0.01895938  0.01896838  2.62867739]]
time assembling system 0.04093511499991109
time in solving system 0.09506431199997678
time in solving system 0.045555863999879875
time in solving system 0.04543238299993391
[[ 7.46055423  3.43537186 -0.02962854]
 [ 3.43537186  7.46083476 -0.02968025]
 [-0.02962854 -0.02968025  1.82355683]]
time assembling system 0.04200041399985821
time in solving system 0.09878163300004417
time in solving system 0.045338641999933316
time in solving system 0.0450924499998564
[[ 7.6333632   3.52090266 -0.02573309]
 [ 3.52090266  7.63102899 -0.02543487]
 [-0.02573309 -0.02543487  1.86244314]]
time assembling system 0.040851815999985774
time in solving system 0.09437565600001108
time in solving system 0.04571310899996206
time in solving system 0.04844508099995437
[[8.76954128e+00 4.10517949e+00 8.48368408e-03]
 [4.10517949e+00 8.76962290e+00 8.48494067e-03]
 [8.48368408e-03 8.48494067e-03 2.13997205e+00]]
time assembling system 0.04262879499992778
time in solving system 0.09581187300000238
time in solving system 0.04516060799983279
time in solving system 0.04518419400005769
[[ 8.5028914   3.96769164 -0.05019645]
 [ 3.96769164  8.50358162 -0.05027269]
 [-0.05019645 -0.05027269  2.09713539]]
time assembling system 0.042530163000037646
time in solving system 0.09894625500010079
time in solving system 0.048633286999802294
time in solving system 0.04735697500018432
[[9.10698206 4.30441251 0.02116089]
 [4.30441251 9.13037829 0.02219589]
 [0.02116089 0.02219589 2.24217318]]
time assembling system 0.04171120499995595
time in solving system 0.09430140600011327
time in solving system 0.04505738400007431
time in solving system 0.045011013000021194
[[ 7.57143574  3.49269021 -0.02283518]
 [ 3.49269021  7.57459101 -0.02321874]
 [-0.02283518 -0.02321874  1.8452079 ]]
time assembling system 0.04271598700006507
time in solving system 0.09835762600005182
time in solving system 0.047592344000122466
time in solving system 0.046914608000179214
[[ 9.10893421  4.29345212 -0.01305404]
 [ 4.29345212  9.10159147 -0.01285717]
 [-0.01305404 -0.01285717  2.23388285]]
time assembling system 0.043698102000007566
time in solving system 0.10240805599983105
time in solving system 0.0479122169999755
time in solving system 0.04691739100007908
[[ 8.87092485  4.17472332 -0.0242969 ]
 [ 4.17472332  8.87789141 -0.02468202]
 [-0.0242969  -0.02468202  2.17993533]]
time assembling system 0.04238715399992543
time in solving system 0.09935729199992238
time in solving system 0.04744797900002595
time in solving system 0.047376218999943376
[[ 7.5020676   3.45297608 -0.00919668]
 [ 3.45297608  7.50136619 -0.00915584]
 [-0.00919668 -0.00915584  1.81804995]]
time assembling system 0.042939337999996496
time in solving system 0.09874145499998122
time in solving system 0.04757778899988807
time in solving system 0.04757232399992972
[[8.52970394e+00 3.98344494e+00 8.42069286e-03]
 [3.98344494e+00 8.52397502e+00 8.30139498e-03]
 [8.42069286e-03 8.30139498e-03 2.07965331e+00]]
time assembling system 0.0427980709998792
time in solving system 0.1013926820000961
time in solving system 0.04531294200000957
time in solving system 0.04519160099994224
[[ 9.24816367e+00  4.37368474e+00 -2.60867836e-04]
 [ 4.37368474e+00  9.27685630e+00 -2.67504010e-04]
 [-2.60867836e-04 -2.67504010e-04  2.27182575e+00]]
time assembling system 0.041039435999891793
time in solving system 0.09460596799999621
time in solving system 0.04786317000002782
time in solving system 0.04619517600008294
[[ 8.81492425e+00  4.13418908e+00 -7.94718639e-03]
 [ 4.13418908e+00  8.81423150e+00 -7.93526785e-03]
 [-7.94718639e-03 -7.93526785e-03  2.15405357e+00]]
time assembling system 0.04089222700008577
time in solving system 0.09659617500005879
time in solving system 0.04523230700010572
time in solving system 0.045877655999902345
[[ 8.93968617  4.19976146 -0.01254652]
 [ 4.19976146  8.93874762 -0.01252379]
 [-0.01254652 -0.01252379  2.18750719]]
time assembling system 0.042627218000006906
time in solving system 0.09954379800001334
time in solving system 0.04597051000018837
time in solving system 0.046183610999833036
[[6.93873388e+00 3.17381033e+00 3.67381676e-03]
 [3.17381033e+00 6.93689213e+00 3.61409516e-03]
 [3.67381676e-03 3.61409516e-03 1.67555265e+00]]
time assembling system 0.04104856699996162
time in solving system 0.09437656199997946
time in solving system 0.04519379800012757
time in solving system 0.04503054700012399
[[8.35040408 3.88800085 0.01826943]
 [3.88800085 8.34980252 0.0182423 ]
 [0.01826943 0.0182423  2.03639397]]
time assembling system 0.04088774199999534
time in solving system 0.10015055200005918
time in solving system 0.04740120599990405
time in solving system 0.047358381000094596
[[6.96673187 3.18764371 0.01837319]
 [3.18764371 6.96602579 0.01814769]
 [0.01837319 0.01814769 1.69197988]]
time assembling system 0.042267679000133285
time in solving system 0.09887696100008725
time in solving system 0.04572015000007923
time in solving system 0.045319931999983964
[[ 9.49518855  4.49001898 -0.05674534]
 [ 4.49001898  9.49453291 -0.0566927 ]
 [-0.05674534 -0.0566927   2.35266197]]
time assembling system 0.0408217419999346
time in solving system 0.09492768699988119
time in solving system 0.04571370200005731
time in solving system 0.045552876000101605
[[9.29128309 4.3786994  0.02334398]
 [4.3786994  9.29176679 0.02335954]
 [0.02334398 0.02335954 2.27911145]]
time assembling system 0.041205814000022656
time in solving system 0.09628549700005351
time in solving system 0.045688385999937964
time in solving system 0.045244867000064914
[[6.59362542e+00 2.99513167e+00 2.97274954e-03]
 [2.99513167e+00 6.59361866e+00 2.97168984e-03]
 [2.97274954e-03 2.97168984e-03 1.58713711e+00]]
time assembling system 0.04281671500007178
time in solving system 0.10097879299996748
time in solving system 0.04669344500007355
time in solving system 0.046293699999978344
[[ 8.65748163e+00  4.08337477e+00 -3.32293263e-03]
 [ 4.08337477e+00  8.70108295e+00 -3.69476171e-03]
 [-3.32293263e-03 -3.69476171e-03  2.12672291e+00]]
time assembling system 0.041920775000107824
time in solving system 0.09729248799999368
time in solving system 0.046291211999914594
time in solving system 0.04609301999994386
[[ 6.23409354  2.81318792 -0.006241  ]
 [ 2.81318792  6.23403049 -0.0062593 ]
 [-0.006241   -0.0062593   1.49930506]]
time assembling system 0.042057610000028944
time in solving system 0.09735817800014956
time in solving system 0.04600765399982265
time in solving system 0.046292128000004595
[[9.30063828e+00 4.39135020e+00 6.68554497e-03]
 [4.39135020e+00 9.31422868e+00 6.81732741e-03]
 [6.68554497e-03 6.81732741e-03 2.28099761e+00]]
time assembling system 0.0426609290000215
time in solving system 0.11960962800003472
time in solving system 0.04647969899997406
time in solving system 0.04569677499989666
[[9.21920231 4.34122024 0.02744024]
 [4.34122024 9.20829923 0.02699203]
 [0.02744024 0.02699203 2.26247239]]
time assembling system 0.04067841400001271
time in solving system 0.09478494699988005
time in solving system 0.04609653900001831
time in solving system 0.04536377699992045
[[ 9.03681904e+00  4.24618302e+00 -6.50080504e-03]
 [ 4.24618302e+00  9.03451426e+00 -6.47574636e-03]
 [-6.50080504e-03 -6.47574636e-03  2.20920683e+00]]
time assembling system 0.04067754800007606
time in solving system 0.09605545800013715
time in solving system 0.0453020119998655
time in solving system 0.04502885000010792
[[ 8.29716962e+00  3.88215566e+00 -5.40808432e-03]
 [ 3.88215566e+00  8.32207518e+00 -5.75457052e-03]
 [-5.40808432e-03 -5.75457052e-03  2.02767572e+00]]
