Solving linear variational problem.
time assembling system 0.04636125499996524
time in solving system 0.12321055699999306
time in solving system 0.04687371499994697
time in solving system 0.046479504999979326
[[ 8.9757178   4.21318566 -0.00972673]
 [ 4.21318566  8.97575976 -0.00972739]
 [-0.00972673 -0.00972739  2.19347935]]
time assembling system 0.0440751870000895
time in solving system 0.11989502099982019
time in solving system 0.04651593599987791
time in solving system 0.04648335299998507
[[ 7.23655098e+00  3.33075053e+00 -3.06322338e-03]
 [ 3.33075053e+00  7.23956714e+00 -3.06011613e-03]
 [-3.06322338e-03 -3.06011613e-03  1.75310300e+00]]
time assembling system 0.044613590000153636
time in solving system 0.1207588830000077
time in solving system 0.04734937600005651
time in solving system 0.04687323500002094
[[7.21703328e+00 3.31347814e+00 6.33195612e-03]
 [3.31347814e+00 7.21701836e+00 6.33070107e-03]
 [6.33195612e-03 6.33070107e-03 1.74736375e+00]]
time assembling system 0.044283893000056196
time in solving system 0.12263681199988241
time in solving system 0.04657037600009062
time in solving system 0.04660537499989914
[[8.32565736e+00 3.87828819e+00 1.64612038e-03]
 [3.87828819e+00 8.32708714e+00 1.65579151e-03]
 [1.64612038e-03 1.65579151e-03 2.02668755e+00]]
time assembling system 0.04401077800002895
time in solving system 0.1205083120000836
time in solving system 0.04672875299979751
time in solving system 0.046603333999883034
[[1.04904906e+01 5.00756608e+00 8.20638949e-03]
 [5.00756608e+00 1.04814128e+01 8.13705500e-03]
 [8.20638949e-03 8.13705500e-03 2.58625815e+00]]
time assembling system 0.04420138400018914
time in solving system 0.12032801100008328
time in solving system 0.05649475299992446
time in solving system 0.04672892300004605
[[8.69981080e+00 4.07837217e+00 2.63445880e-03]
 [4.07837217e+00 8.66442777e+00 2.42448080e-03]
 [2.63445880e-03 2.42448080e-03 2.12469883e+00]]
time assembling system 0.04384568799991939
time in solving system 0.11990797099997508
time in solving system 0.04730452899980264
time in solving system 0.0676421149998987
[[ 8.47209043e+00  3.96493120e+00 -6.51558424e-03]
 [ 3.96493120e+00  8.44284925e+00 -5.74602222e-03]
 [-6.51558424e-03 -5.74602222e-03  2.06875753e+00]]
time assembling system 0.043437941999854957
time in solving system 0.11981100000002698
time in solving system 0.04650316900006146
time in solving system 0.04634706899992125
[[ 8.29673598  3.86905228 -0.01440377]
 [ 3.86905228  8.28044251 -0.0136138 ]
 [-0.01440377 -0.0136138   2.02449602]]
time assembling system 0.0435243150000133
time in solving system 0.12037591200009956
time in solving system 0.04665754699999525
time in solving system 0.04629578699996273
[[10.55569923  5.04343849 -0.02180239]
 [ 5.04343849 10.55851709 -0.02185885]
 [-0.02180239 -0.02185885  2.60613029]]
time assembling system 0.044090112999811026
time in solving system 0.11945639499981553
time in solving system 0.046860536999929536
time in solving system 0.04640070899995408
[[ 6.62142611  3.01096367 -0.02231112]
 [ 3.01096367  6.62142315 -0.02230243]
 [-0.02231112 -0.02230243  1.61441708]]
time assembling system 0.04364533499983736
time in solving system 0.120318621000024
time in solving system 0.04674864100002196
time in solving system 0.046727720999797384
[[8.56916046 4.01281621 0.0342131 ]
 [4.01281621 8.568149   0.03412514]
 [0.0342131  0.03412514 2.10704262]]
time assembling system 0.04413932100010243
time in solving system 0.12083891099996436
time in solving system 0.04716488600001867
time in solving system 0.04649731799986512
[[7.1334266  3.27974821 0.01115116]
 [3.27974821 7.14052314 0.0123713 ]
 [0.01115116 0.0123713  1.73181865]]
time assembling system 0.04401015600001301
time in solving system 0.12041161899992403
time in solving system 0.04704131399989819
time in solving system 0.046651710000105595
[[ 7.66729424  3.54142697 -0.01074692]
 [ 3.54142697  7.65635964 -0.01015731]
 [-0.01074692 -0.01015731  1.86103786]]
time assembling system 0.04419180299987602
time in solving system 0.1209336679999069
time in solving system 0.04686455399996703
time in solving system 0.04637225200008288
[[9.73635924 4.61968016 0.03192806]
 [4.61968016 9.74559236 0.03230203]
 [0.03192806 0.03230203 2.40141959]]
time assembling system 0.04384587200001988
time in solving system 0.119921444000056
time in solving system 0.046447321999949054
time in solving system 0.046661967000090954
[[ 8.53364334  3.99139384 -0.04777228]
 [ 3.99139384  8.53030419 -0.04737817]
 [-0.04777228 -0.04737817  2.10690335]]
time assembling system 0.043990119999989474
time in solving system 0.1217926819999775
time in solving system 0.046804005000012694
time in solving system 0.046589529000129914
[[7.17739187 3.29602934 0.03282449]
 [3.29602934 7.17913046 0.03349325]
 [0.03282449 0.03349325 1.76034811]]
time assembling system 0.04550090199995793
time in solving system 0.12059319600007257
time in solving system 0.04692785199995342
time in solving system 0.04679211399979977
[[ 6.98153751  3.19021745 -0.02348346]
 [ 3.19021745  6.98139784 -0.0234347 ]
 [-0.02348346 -0.0234347   1.70145808]]
time assembling system 0.044022244999951
time in solving system 0.12011622299996816
time in solving system 0.0465863750000608
time in solving system 0.0465744729999642
[[ 6.54840884  2.97413724 -0.00808387]
 [ 2.97413724  6.54856157 -0.00848309]
 [-0.00808387 -0.00848309  1.57972497]]
time assembling system 0.04436503600004471
time in solving system 0.12078485000006367
time in solving system 0.068115078999881
time in solving system 0.0470920819998355
[[ 8.63809861  4.04105127 -0.02248743]
 [ 4.04105127  8.62377055 -0.02177226]
 [-0.02248743 -0.02177226  2.11291287]]
time assembling system 0.043901624000000083
time in solving system 0.11992805099998805
time in solving system 0.04691049400003067
time in solving system 0.046533531000022776
[[ 6.82857021  3.11925558 -0.02297376]
 [ 3.11925558  6.82831432 -0.02276707]
 [-0.02297376 -0.02276707  1.6640482 ]]
time assembling system 0.04363989700004822
time in solving system 0.12019118300008813
time in solving system 0.046682501000077536
time in solving system 0.046655704999921
[[10.46364186  4.99395923 -0.01923759]
 [ 4.99395923 10.46352222 -0.01923545]
 [-0.01923759 -0.01923545  2.58084877]]
time assembling system 0.043714805000035994
time in solving system 0.11976809300017521
time in solving system 0.04632815400009349
time in solving system 0.04627213399999164
[[ 6.53350136  2.97389787 -0.02570418]
 [ 2.97389787  6.53362845 -0.02555579]
 [-0.02570418 -0.02555579  1.59891779]]
time assembling system 0.04389106099984019
time in solving system 0.12069250800004738
time in solving system 0.04714301300009538
time in solving system 0.04709090599999399
[[8.17801607e+00 3.80604893e+00 7.81303939e-03]
 [3.80604893e+00 8.17496634e+00 7.75990240e-03]
 [7.81303939e-03 7.75990240e-03 1.99096400e+00]]
time assembling system 0.043978030999824114
time in solving system 0.12029876499991587
time in solving system 0.046903579999934664
time in solving system 0.04677953199984586
[[ 9.15369513  4.30759245 -0.04269082]
 [ 4.30759245  9.15723837 -0.04291915]
 [-0.04269082 -0.04291915  2.25483568]]
time assembling system 0.04600026100001742
time in solving system 0.12044997299994975
time in solving system 0.04656660799992096
time in solving system 0.046590019999939614
[[ 9.9047217   4.70398654 -0.02457712]
 [ 4.70398654  9.88635638 -0.02401713]
 [-0.02457712 -0.02401713  2.44014256]]
time assembling system 0.04344983900000443
time in solving system 0.11944087300003048
time in solving system 0.04666276199986896
time in solving system 0.047114381000028516
[[8.08595241 3.76664814 0.00829047]
 [3.76664814 8.10070904 0.00863404]
 [0.00829047 0.00863404 1.97121568]]
time assembling system 0.04471474900014982
time in solving system 0.12280327200005559
time in solving system 0.04678852899996855
time in solving system 0.046657550999952946
[[ 8.93943233e+00  4.20254635e+00 -7.50692541e-03]
 [ 4.20254635e+00  8.95025264e+00 -7.66572341e-03]
 [-7.50692541e-03 -7.66572341e-03  2.18772949e+00]]
time assembling system 0.04391586900010225
time in solving system 0.12049866899997141
time in solving system 0.0466930150000735
time in solving system 0.046344196000063675
[[ 9.80893202  4.65194984 -0.01206667]
 [ 4.65194984  9.80575526 -0.01202148]
 [-0.01206667 -0.01202148  2.41065013]]
time assembling system 0.04395106000015403
time in solving system 0.1223227800001041
time in solving system 0.04673021600001448
time in solving system 0.0467514189999747
[[7.87411272 3.65168594 0.01434958]
 [3.65168594 7.883986   0.01496589]
 [0.01434958 0.01496589 1.91802214]]
time assembling system 0.043570614999907775
time in solving system 0.1202458210000259
time in solving system 0.04680055799985894
time in solving system 0.04633717499996237
[[8.15040365 3.78862659 0.05523017]
 [3.78862659 8.15168472 0.05544423]
 [0.05523017 0.05544423 2.01704344]]
time assembling system 0.04396499999984371
time in solving system 0.12268465599981937
time in solving system 0.04705808999983674
time in solving system 0.046872588000042015
[[ 7.95774772e+00  3.68929298e+00 -7.47180526e-03]
 [ 3.68929298e+00  7.94789918e+00 -7.16192025e-03]
 [-7.47180526e-03 -7.16192025e-03  1.93362342e+00]]
time assembling system 0.04372664800007442
time in solving system 0.12064109400012057
time in solving system 0.04648576799991133
time in solving system 0.04641010299997106
[[10.1242039   4.81886688 -0.02222135]
 [ 4.81886688 10.1132476  -0.0219513 ]
 [-0.02222135 -0.0219513   2.49605549]]
time assembling system 0.043751677999807725
time in solving system 0.12294139300001916
time in solving system 0.04679991800003336
time in solving system 0.04673586700005217
[[9.59011013 4.53408018 0.04331741]
 [4.53408018 9.59159805 0.04339612]
 [0.04331741 0.04339612 2.36494852]]
time assembling system 0.04332078700008424
time in solving system 0.11978005400010261
time in solving system 0.04662388099995951
time in solving system 0.046655240000063714
[[ 7.02556438  3.20665296 -0.00965624]
 [ 3.20665296  7.02554533 -0.00965416]
 [-0.00965624 -0.00965416  1.69689671]]
time assembling system 0.044279599999981656
time in solving system 0.12246132800009946
time in solving system 0.04677772500008359
time in solving system 0.04682434300002569
[[ 7.47251076e+00  3.45442922e+00 -6.60139186e-03]
 [ 3.45442922e+00  7.45674358e+00 -5.72016117e-03]
 [-6.60139186e-03 -5.72016117e-03  1.81432707e+00]]
time assembling system 0.04321671000002425
time in solving system 0.12230392900005427
time in solving system 0.046954056999993554
time in solving system 0.0467991319999328
[[6.86191278e+00 3.12493025e+00 5.08298477e-03]
 [3.12493025e+00 6.86235047e+00 5.11977058e-03]
 [5.08298477e-03 5.11977058e-03 1.65370122e+00]]
time assembling system 0.04579447299988715
time in solving system 0.12274387000002207
time in solving system 0.046782889000041905
time in solving system 0.046507203000146546
[[ 9.0416171   4.25269595 -0.02946227]
 [ 4.25269595  9.02486532 -0.02856863]
 [-0.02946227 -0.02856863  2.22017053]]
time assembling system 0.04328982099991663
time in solving system 0.12070573799996964
time in solving system 0.046506494999903225
time in solving system 0.04656870200005869
[[8.53923618 3.99150291 0.03698794]
 [3.99150291 8.54682661 0.03761638]
 [0.03698794 0.03761638 2.09816263]]
time assembling system 0.04419630000006691
time in solving system 0.14468831399994997
time in solving system 0.04708711100010987
time in solving system 0.04678069999999934
[[ 9.88406705  4.69020452 -0.03499756]
 [ 4.69020452  9.88636559 -0.03508706]
 [-0.03499756 -0.03508706  2.43691141]]
time assembling system 0.04310551900016435
time in solving system 0.11970457200004603
time in solving system 0.04675808299998607
time in solving system 0.04644142999995893
[[ 8.74739088  4.09904787 -0.04131152]
 [ 4.09904787  8.74664999 -0.04124979]
 [-0.04131152 -0.04124979  2.15343121]]
time assembling system 0.04382345199996962
time in solving system 0.12254698699985056
time in solving system 0.04734833099996649
time in solving system 0.04719672999999602
[[ 7.41175413e+00  3.41750039e+00 -7.30534529e-03]
 [ 3.41750039e+00  7.40777763e+00 -7.16569170e-03]
 [-7.30534529e-03 -7.16569170e-03  1.79712436e+00]]
time assembling system 0.043291364999959114
time in solving system 0.11928272399995876
time in solving system 0.04677330200001961
time in solving system 0.04834183699995265
[[ 6.47674002  2.94884687 -0.01161734]
 [ 2.94884687  6.47878635 -0.01080851]
 [-0.01161734 -0.01080851  1.56716568]]
time assembling system 0.04352295400008188
time in solving system 0.12304117799999403
time in solving system 0.04713342699983514
time in solving system 0.04661675799980003
[[ 9.43713708  4.45405407 -0.03355457]
 [ 4.45405407  9.43283726 -0.03336549]
 [-0.03355457 -0.03336549  2.32064201]]
time assembling system 0.04321259499988628
time in solving system 0.11916435500006628
time in solving system 0.04653154699985862
time in solving system 0.04665995200002726
[[ 6.58098761  2.99265258 -0.0102204 ]
 [ 2.99265258  6.5809023  -0.00989054]
 [-0.0102204  -0.00989054  1.58933907]]
time assembling system 0.04343312400010291
time in solving system 0.12247809700011203
time in solving system 0.04702661800001806
time in solving system 0.04698517199994967
[[8.35437594 3.89861627 0.01232044]
 [3.89861627 8.33195405 0.01144217]
 [0.01232044 0.01144217 2.03791377]]
time assembling system 0.04358641999988322
time in solving system 0.11980455699995218
time in solving system 0.046784597999931066
time in solving system 0.046510777000094095
[[8.08228531 3.77235554 0.01096059]
 [3.77235554 8.09756548 0.01142758]
 [0.01096059 0.01142758 1.97383057]]
time assembling system 0.0442274819999966
time in solving system 0.12593178199995236
time in solving system 0.04852578700001686
time in solving system 0.048143483000103515
[[9.00818831 4.23360014 0.02875844]
 [4.23360014 9.00905261 0.02880045]
 [0.02875844 0.02880045 2.21074547]]
time assembling system 0.04441689200007204
time in solving system 0.12088852700003372
time in solving system 0.04677951099984057
time in solving system 0.04728092300001663
[[ 8.49903499  3.96689814 -0.05673335]
 [ 3.96689814  8.4951154  -0.0562219 ]
 [-0.05673335 -0.0562219   2.1019881 ]]
time assembling system 0.043421110000053886
time in solving system 0.12224910199984151
time in solving system 0.04670226999996885
time in solving system 0.04669623700010561
[[ 7.30017458  3.36044158 -0.02975153]
 [ 3.36044158  7.29469422 -0.02814255]
 [-0.02975153 -0.02814255  1.78587068]]
time assembling system 0.043092333000004146
time in solving system 0.1201882730001671
time in solving system 0.04672707300005641
time in solving system 0.04650152799990792
[[8.92761097e+00 4.21128066e+00 4.68190606e-04]
 [4.21128066e+00 8.96059004e+00 5.31358724e-04]
 [4.68190606e-04 5.31358724e-04 2.19098260e+00]]
time assembling system 0.0437588740001047
time in solving system 0.12227213399978609
time in solving system 0.046880755000074714
time in solving system 0.046779096999898684
[[7.03499266 3.2120099  0.01134893]
 [3.2120099  7.0348826  0.01133493]
 [0.01134893 0.01133493 1.70059206]]
time assembling system 0.043304030999934184
time in solving system 0.12100987700000587
time in solving system 0.04714345100001083
time in solving system 0.04723456700003226
[[7.65625626 3.53510267 0.03334336]
 [3.53510267 7.65573354 0.03325608]
 [0.03334336 0.03325608 1.87644403]]
time assembling system 0.044108456999992995
time in solving system 0.1217189699998471
time in solving system 0.0468846860001122
time in solving system 0.04648830599990106
[[7.58852966 3.50167798 0.04682382]
 [3.50167798 7.58683873 0.04638445]
 [0.04682382 0.04638445 1.87348045]]
time assembling system 0.0433233010001004
time in solving system 0.1206618610001442
time in solving system 0.04700844900003176
time in solving system 0.046533931000112716
[[8.61627497e+00 4.03121433e+00 8.06234598e-03]
 [4.03121433e+00 8.62091301e+00 8.13155808e-03]
 [8.06234598e-03 8.13155808e-03 2.10298946e+00]]
time assembling system 0.04385822700010067
time in solving system 0.12235343699990153
time in solving system 0.047458876999826316
time in solving system 0.047492329000078826
[[7.24528408 3.31939956 0.01139188]
 [3.31939956 7.24438798 0.01131001]
 [0.01139188 0.01131001 1.75344097]]
time assembling system 0.04395634399998016
time in solving system 0.12075438099986968
time in solving system 0.047071856999991724
time in solving system 0.04678292300013709
[[ 7.80618982  3.61335659 -0.04563006]
 [ 3.61335659  7.80243438 -0.04488818]
 [-0.04563006 -0.04488818  1.92329201]]
time assembling system 0.043970412000135184
time in solving system 0.12238143099989429
time in solving system 0.046587915999907636
time in solving system 0.04648037800006932
[[8.61646322e+00 4.03433948e+00 8.44694111e-03]
 [4.03433948e+00 8.59533857e+00 8.13152698e-03]
 [8.44694111e-03 8.13152698e-03 2.10380780e+00]]
time assembling system 0.04341586999998981
time in solving system 0.11957172399979754
time in solving system 0.04691064799999367
time in solving system 0.04669401900014236
[[ 6.45596701e+00  2.92459617e+00 -4.84119228e-03]
 [ 2.92459617e+00  6.45593123e+00 -4.98793465e-03]
 [-4.84119228e-03 -4.98793465e-03  1.55349700e+00]]
time assembling system 0.04409519199998613
time in solving system 0.12271067299980132
time in solving system 0.04694091299984393
time in solving system 0.04637760600007823
[[ 7.07607319  3.23660802 -0.01363434]
 [ 3.23660802  7.07557238 -0.01355249]
 [-0.01363434 -0.01355249  1.71440586]]
time assembling system 0.04377332600006412
time in solving system 0.1204565159998765
time in solving system 0.04690212499986046
time in solving system 0.046850534999975935
[[8.39570423e+00 3.92783171e+00 1.03379059e-04]
 [3.92783171e+00 8.35759805e+00 2.12894358e-04]
 [1.03379059e-04 2.12894358e-04 2.04890960e+00]]
time assembling system 0.044232573000044795
time in solving system 0.12274697600014406
time in solving system 0.04665571100008492
time in solving system 0.04660940600001595
[[7.23685622 3.31932014 0.0140244 ]
 [3.31932014 7.23916526 0.01429311]
 [0.0140244  0.01429311 1.75437432]]
time assembling system 0.04395630700014408
time in solving system 0.12130299000000377
time in solving system 0.04687633599996843
time in solving system 0.047075498999902265
[[8.97424786 4.21897369 0.01022446]
 [4.21897369 8.95506941 0.00980375]
 [0.01022446 0.00980375 2.19620368]]
time assembling system 0.04424767000000429
time in solving system 0.1432953160001489
time in solving system 0.046570993999921484
time in solving system 0.04638985899987347
[[ 7.80570034  3.61750267 -0.03185672]
 [ 3.61750267  7.81342545 -0.03298554]
 [-0.03185672 -0.03298554  1.91436996]]
time assembling system 0.04476475000001301
time in solving system 0.12423958699992
time in solving system 0.048368721000088044
time in solving system 0.04850861099998838
[[7.32928272 3.36759212 0.01879767]
 [3.36759212 7.32975439 0.01886878]
 [0.01879767 0.01886878 1.78269003]]
time assembling system 0.04514265199986767
time in solving system 0.1270487189999585
time in solving system 0.04949969099993723
time in solving system 0.04868741400014187
[[ 8.17802041  3.79734108 -0.01261071]
 [ 3.79734108  8.17819168 -0.01261665]
 [-0.01261071 -0.01261665  1.98943817]]
time assembling system 0.045649436999838144
time in solving system 0.12475217199994404
time in solving system 0.04895711200015285
time in solving system 0.04869025200014221
[[5.89263430e+00 2.64855113e+00 6.01886191e-04]
 [2.64855113e+00 5.89326255e+00 5.87888379e-04]
 [6.01886191e-04 5.87888379e-04 1.41273170e+00]]
time assembling system 0.04477369699998235
time in solving system 0.1252887880000344
time in solving system 0.04741270899990013
time in solving system 0.04785161600011634
[[7.00102129 3.20578711 0.00989106]
 [3.20578711 7.00444246 0.01040281]
 [0.00989106 0.01040281 1.69453742]]
time assembling system 0.04392710399997668
time in solving system 0.12277565700014748
time in solving system 0.04836243099998683
time in solving system 0.047867650999933176
[[ 8.99012603  4.22248033 -0.02969871]
 [ 4.22248033  8.99339114 -0.02985728]
 [-0.02969871 -0.02985728  2.20573358]]
time assembling system 0.04502369400006501
time in solving system 0.12498313300011432
time in solving system 0.0480950149999444
time in solving system 0.04709447699997327
[[ 6.42330982  2.91700167 -0.00703458]
 [ 2.91700167  6.42436931 -0.0067331 ]
 [-0.00703458 -0.0067331   1.54864006]]
time assembling system 0.0438430110000354
time in solving system 0.12774323799999365
time in solving system 0.0508509649998814
time in solving system 0.050306149000107325
[[ 8.70287731e+00  4.07452383e+00 -2.88033009e-03]
 [ 4.07452383e+00  8.68349047e+00 -2.75527094e-03]
 [-2.88033009e-03 -2.75527094e-03  2.12352048e+00]]
time assembling system 0.04683765699996911
time in solving system 0.13136452100002316
time in solving system 0.04962254900010521
time in solving system 0.049961169999960475
[[10.6471832   5.09064306  0.01895938]
 [ 5.09064306 10.64771292  0.01896838]
 [ 0.01895938  0.01896838  2.62867739]]
time assembling system 0.045576501999903485
time in solving system 0.13133249900010924
time in solving system 0.050904717000094024
time in solving system 0.050793333999990864
[[ 7.46055423  3.43537186 -0.02962854]
 [ 3.43537186  7.46083476 -0.02968025]
 [-0.02962854 -0.02968025  1.82355683]]
time assembling system 0.04647554399980436
time in solving system 0.14247032899993428
time in solving system 0.05057653700009723
time in solving system 0.04979580700000952
[[ 7.6333632   3.52090266 -0.02573309]
 [ 3.52090266  7.63102899 -0.02543487]
 [-0.02573309 -0.02543487  1.86244314]]
time assembling system 0.04633120899984533
time in solving system 0.12741946300002382
time in solving system 0.04962822100014819
time in solving system 0.047896261000005325
[[8.76954128e+00 4.10517949e+00 8.48368408e-03]
 [4.10517949e+00 8.76962290e+00 8.48494067e-03]
 [8.48368408e-03 8.48494067e-03 2.13997205e+00]]
time assembling system 0.04377017699994212
time in solving system 0.12527686099997482
time in solving system 0.0500326619999214
time in solving system 0.04849445700006072
[[ 8.5028914   3.96769164 -0.05019645]
 [ 3.96769164  8.50358162 -0.05027269]
 [-0.05019645 -0.05027269  2.09713539]]
time assembling system 0.04428165700005593
time in solving system 0.12269932499998504
time in solving system 0.04704022200007785
time in solving system 0.04720375100009733
[[9.10698206 4.30441251 0.02116089]
 [4.30441251 9.13037829 0.02219589]
 [0.02116089 0.02219589 2.24217318]]
time assembling system 0.044259603000000425
time in solving system 0.12484185799985426
time in solving system 0.04736555300019063
time in solving system 0.047943094999936875
[[ 7.57143574  3.49269021 -0.02283518]
 [ 3.49269021  7.57459101 -0.02321874]
 [-0.02283518 -0.02321874  1.8452079 ]]
time assembling system 0.04405191499995453
time in solving system 0.12157087199989292
time in solving system 0.047455589000037435
time in solving system 0.048058211999887135
[[ 9.10893421  4.29345212 -0.01305404]
 [ 4.29345212  9.10159147 -0.01285717]
 [-0.01305404 -0.01285717  2.23388285]]
time assembling system 0.0471529169999485
time in solving system 0.13108260199987853
time in solving system 0.05052894599998581
time in solving system 0.05035456099994917
[[ 8.87092485  4.17472332 -0.0242969 ]
 [ 4.17472332  8.87789141 -0.02468202]
 [-0.0242969  -0.02468202  2.17993533]]
time assembling system 0.04693623799994384
time in solving system 0.1266529580000224
time in solving system 0.04859592500019971
time in solving system 0.04859479599986116
[[ 7.5020676   3.45297608 -0.00919668]
 [ 3.45297608  7.50136619 -0.00915584]
 [-0.00919668 -0.00915584  1.81804995]]
time assembling system 0.045355449999988195
time in solving system 0.1273223189998589
time in solving system 0.04867559799981791
time in solving system 0.04840296900010799
[[8.52970394e+00 3.98344494e+00 8.42069286e-03]
 [3.98344494e+00 8.52397502e+00 8.30139498e-03]
 [8.42069286e-03 8.30139498e-03 2.07965331e+00]]
time assembling system 0.04519968400018115
time in solving system 0.1243640760001199
time in solving system 0.048053882999965936
time in solving system 0.047893567000073745
[[ 9.24816367e+00  4.37368474e+00 -2.60867836e-04]
 [ 4.37368474e+00  9.27685630e+00 -2.67504010e-04]
 [-2.60867836e-04 -2.67504010e-04  2.27182575e+00]]
time assembling system 0.044222987000011926
time in solving system 0.12304641500008984
time in solving system 0.04736852699988958
time in solving system 0.047400289000052
[[ 8.81492425e+00  4.13418908e+00 -7.94718639e-03]
 [ 4.13418908e+00  8.81423150e+00 -7.93526785e-03]
 [-7.94718639e-03 -7.93526785e-03  2.15405357e+00]]
time assembling system 0.04368022900007418
time in solving system 0.12161650399980317
time in solving system 0.04667659500000809
time in solving system 0.04646850499989341
[[ 8.93968617  4.19976146 -0.01254652]
 [ 4.19976146  8.93874762 -0.01252379]
 [-0.01254652 -0.01252379  2.18750719]]
time assembling system 0.04467060299998593
time in solving system 0.12633182799982023
time in solving system 0.04838399699997353
time in solving system 0.050374281999893356
[[6.93873388e+00 3.17381033e+00 3.67381676e-03]
 [3.17381033e+00 6.93689213e+00 3.61409516e-03]
 [3.67381676e-03 3.61409516e-03 1.67555265e+00]]
time assembling system 0.04614792999996098
time in solving system 0.12843610300001274
time in solving system 0.04948087399998258
time in solving system 0.04938442100001339
[[8.35040408 3.88800085 0.01826943]
 [3.88800085 8.34980252 0.0182423 ]
 [0.01826943 0.0182423  2.03639397]]
time assembling system 0.04747757699988142
time in solving system 0.15164309900001172
time in solving system 0.04873573600002601
time in solving system 0.048616029999948296
[[6.96673187 3.18764371 0.01837319]
 [3.18764371 6.96602579 0.01814769]
 [0.01837319 0.01814769 1.69197988]]
time assembling system 0.0451357070000995
time in solving system 0.12424271300005785
time in solving system 0.04847959800008539
time in solving system 0.048105587999998534
[[ 9.49518855  4.49001898 -0.05674534]
 [ 4.49001898  9.49453291 -0.0566927 ]
 [-0.05674534 -0.0566927   2.35266197]]
time assembling system 0.045286464000128035
time in solving system 0.1292525989999831
time in solving system 0.04797188099996674
time in solving system 0.04782654300015565
[[9.29128309 4.3786994  0.02334398]
 [4.3786994  9.29176679 0.02335954]
 [0.02334398 0.02335954 2.27911145]]
time assembling system 0.04406470900016757
time in solving system 0.1212302080000427
time in solving system 0.04786287699994318
time in solving system 0.04753973800006861
[[6.59362542e+00 2.99513167e+00 2.97274954e-03]
 [2.99513167e+00 6.59361866e+00 2.97168984e-03]
 [2.97274954e-03 2.97168984e-03 1.58713711e+00]]
time assembling system 0.04471987200008698
time in solving system 0.1256406520001292
time in solving system 0.048389575000101104
time in solving system 0.04814302599993425
[[ 8.65748163e+00  4.08337477e+00 -3.32293263e-03]
 [ 4.08337477e+00  8.70108295e+00 -3.69476171e-03]
 [-3.32293263e-03 -3.69476171e-03  2.12672291e+00]]
time assembling system 0.04671707800002878
time in solving system 0.11996367500000815
time in solving system 0.04662994999989678
time in solving system 0.04629734000013741
[[ 6.23409354  2.81318792 -0.006241  ]
 [ 2.81318792  6.23403049 -0.0062593 ]
 [-0.006241   -0.0062593   1.49930506]]
time assembling system 0.045982274000152756
time in solving system 0.1276148809999995
time in solving system 0.04976688600004309
time in solving system 0.04977949699991768
[[9.30063828e+00 4.39135020e+00 6.68554497e-03]
 [4.39135020e+00 9.31422868e+00 6.81732741e-03]
 [6.68554497e-03 6.81732741e-03 2.28099761e+00]]
time assembling system 0.04655906099992535
time in solving system 0.12731604999999035
time in solving system 0.04807378100008464
time in solving system 0.04859333399986099
[[9.21920231 4.34122024 0.02744024]
 [4.34122024 9.20829923 0.02699203]
 [0.02744024 0.02699203 2.26247239]]
time assembling system 0.04478315999995175
time in solving system 0.1277695839999069
time in solving system 0.04837468599998829
time in solving system 0.04883616899996923
[[ 9.03681904e+00  4.24618302e+00 -6.50080504e-03]
 [ 4.24618302e+00  9.03451426e+00 -6.47574636e-03]
 [-6.50080504e-03 -6.47574636e-03  2.20920683e+00]]
time assembling system 0.04556853400004002
time in solving system 0.1251732499999889
time in solving system 0.04898695599990788
time in solving system 0.04808393899998009
[[ 8.29716962e+00  3.88215566e+00 -5.40808432e-03]
 [ 3.88215566e+00  8.32207518e+00 -5.75457052e-03]
 [-5.40808432e-03 -5.75457052e-03  2.02767572e+00]]
