Process 0: Solving linear variational problem.
Process 1: Solving linear variational problem.
Process 2: Solving linear variational problem.
Process 3: Solving linear variational problem.
time assembling system 0.046173573000032775
time in solving system 0.15874880000001212
time in solving system 0.051495059999979276
time in solving system 0.051725683000086065
[[8.27051890e+00 3.82034648e+00 2.17651831e-04]
 [3.82034648e+00 8.27505312e+00 2.11906693e-04]
 [2.17651831e-04 2.11906693e-04 1.92534702e+00]]
time assembling system 0.04394351599989932
time in solving system 0.15379163599982348
time in solving system 0.055508231999965574
time in solving system 0.05208406199994897
[[ 9.26578276e+00  4.31501458e+00 -6.40114524e-04]
 [ 4.31501458e+00  9.27083818e+00 -6.23441222e-04]
 [-6.40114524e-04 -6.23441222e-04  2.18257049e+00]]
time assembling system 0.04428515800009336
time in solving system 0.15385184799993112
time in solving system 0.05741044299998066
time in solving system 0.05229017299984662
[[ 6.18282238e+00  2.76796060e+00 -2.75260106e-04]
 [ 2.76796060e+00  6.17989747e+00 -2.76480169e-04]
 [-2.75260106e-04 -2.76480169e-04  1.40351984e+00]]
time assembling system 0.04432446000009804
time in solving system 0.15365387599990754
time in solving system 0.052024047999793765
time in solving system 0.052635979000115185
[[ 9.03756793e+00  4.22384882e+00 -1.63717989e-05]
 [ 4.22384882e+00  9.11011646e+00 -1.62349231e-04]
 [-1.63717989e-05 -1.62349231e-04  2.12669012e+00]]
time assembling system 0.0480764020001061
time in solving system 0.15524559899995438
time in solving system 0.052166271999794844
time in solving system 0.052023030999862385
[[ 8.94773253e+00  4.17191425e+00 -1.32921597e-05]
 [ 4.17191425e+00  8.96220868e+00 -6.70821856e-06]
 [-1.32921597e-05 -6.70821856e-06  2.09727494e+00]]
time assembling system 0.043822438000006514
time in solving system 0.15636137900014546
time in solving system 0.052205615000048056
time in solving system 0.05647997400001259
[[ 8.15109327e+00  3.65585446e+00 -1.05022731e-04]
 [ 3.65585446e+00  7.92775337e+00 -2.14024029e-04]
 [-1.05022731e-04 -2.14024029e-04  1.84320951e+00]]
time assembling system 0.05361521500003619
time in solving system 0.17722027600007095
time in solving system 0.05738832299994101
time in solving system 0.058390448999944056
[[ 9.58886080e+00  4.48345994e+00 -3.16334555e-04]
 [ 4.48345994e+00  9.62334337e+00 -2.52374942e-04]
 [-3.16334555e-04 -2.52374942e-04  2.25687135e+00]]
time assembling system 0.053163969000024736
time in solving system 0.1760951839999052
time in solving system 0.057769160999896485
time in solving system 0.05833440700007486
[[ 9.11214043e+00  4.17876817e+00  5.86330246e-05]
 [ 4.17876817e+00  8.94399084e+00 -1.11833371e-04]
 [ 5.86330246e-05 -1.11833371e-04  2.10270505e+00]]
time assembling system 0.04982859400001871
time in solving system 0.15942873899984988
time in solving system 0.05375318899996273
time in solving system 0.051616937000062535
[[8.81597720e+00 4.10245537e+00 4.98989024e-05]
 [4.10245537e+00 8.82371112e+00 3.48692429e-05]
 [4.98989024e-05 3.48692429e-05 2.06683890e+00]]
time assembling system 0.04480090099991685
time in solving system 0.1545737349999854
time in solving system 0.052893125999844415
time in solving system 0.052823748000037085
[[ 7.97583202e+00  3.67248774e+00 -8.37686910e-04]
 [ 3.67248774e+00  8.11630188e+00 -6.26057578e-04]
 [-8.37686910e-04 -6.26057578e-04  1.85576296e+00]]
time assembling system 0.04443568199985748
time in solving system 0.1546562000000904
time in solving system 0.052164940000011484
time in solving system 0.05240539800001898
[[8.27374393e+00 3.81087291e+00 8.21274438e-05]
 [3.81087291e+00 8.24540053e+00 1.38264086e-04]
 [8.21274438e-05 1.38264086e-04 1.92351993e+00]]
time assembling system 0.0532676079999419
time in solving system 0.17275865900001008
time in solving system 0.06387657499999477
time in solving system 0.05911991500011027
[[6.84248786e+00 3.03140097e+00 6.39252578e-05]
 [3.03140097e+00 6.69846426e+00 8.22591313e-05]
 [6.39252578e-05 8.22591313e-05 1.53306700e+00]]
time assembling system 0.04988754999999401
time in solving system 0.17448733599985644
time in solving system 0.060123121000060564
time in solving system 0.05838064699992174
[[8.65826536e+00 4.02040371e+00 1.36045396e-04]
 [4.02040371e+00 8.68892404e+00 1.04911029e-04]
 [1.36045396e-04 1.04911029e-04 2.02358824e+00]]
time assembling system 0.04996023200010313
time in solving system 0.16362470200010648
time in solving system 0.051733651000176906
time in solving system 0.05191325800001323
[[7.32059514e+00 3.33371646e+00 2.64403367e-04]
 [3.33371646e+00 7.32151386e+00 2.62390558e-04]
 [2.64403367e-04 2.62390558e-04 1.69312207e+00]]
time assembling system 0.047117630000002464
time in solving system 0.1543377089999467
time in solving system 0.05195828700016136
time in solving system 0.05212688100004925
[[ 7.12967985e+00  3.20395373e+00 -2.22135697e-04]
 [ 3.20395373e+00  7.06541320e+00 -3.19238653e-04]
 [-2.22135697e-04 -3.19238653e-04  1.62294432e+00]]
time assembling system 0.048689473999957045
time in solving system 0.16180105600005845
time in solving system 0.05566558400005306
time in solving system 0.052511355999968146
[[ 6.89291544e+00  3.11446348e+00 -1.67952103e-04]
 [ 3.11446348e+00  6.88441678e+00 -1.87703365e-04]
 [-1.67952103e-04 -1.87703365e-04  1.58764719e+00]]
time assembling system 0.0488303370000267
time in solving system 0.193982958000106
time in solving system 0.06417630100008864
time in solving system 0.06342095299987704
[[ 7.92684355e+00  3.65854837e+00 -9.52297903e-04]
 [ 3.65854837e+00  8.12386833e+00 -5.36346316e-04]
 [-9.52297903e-04 -5.36346316e-04  1.85170848e+00]]
time assembling system 0.051057079000202066
time in solving system 0.17861856099989382
time in solving system 0.06005387899995185
time in solving system 0.0586888820000695
[[ 7.52172254e+00  3.44336515e+00 -4.11629222e-04]
 [ 3.44336515e+00  7.53003498e+00 -3.93976180e-04]
 [-4.11629222e-04 -3.93976180e-04  1.74734323e+00]]
time assembling system 0.051388303000067026
time in solving system 0.17506143099990368
time in solving system 0.05227818200000911
time in solving system 0.053401015999952506
[[ 6.22244570e+00  2.78158118e+00 -1.24160032e-04]
 [ 2.78158118e+00  6.26943259e+00 -1.02440502e-04]
 [-1.24160032e-04 -1.02440502e-04  1.40987703e+00]]
time assembling system 0.04466983199995411
time in solving system 0.1547547499999382
time in solving system 0.05322673900013797
time in solving system 0.05232289099990339
[[ 8.05372911e+00  3.71006942e+00 -3.06124633e-04]
 [ 3.71006942e+00  8.11059576e+00 -2.50331364e-04]
 [-3.06124633e-04 -2.50331364e-04  1.87054396e+00]]
time assembling system 0.045332594000001336
time in solving system 0.18704165300005116
time in solving system 0.05309663599996384
time in solving system 0.05635001599989664
[[ 7.58292801e+00  3.47143302e+00 -3.10766388e-04]
 [ 3.47143302e+00  7.68015465e+00 -2.43521919e-04]
 [-3.10766388e-04 -2.43521919e-04  1.75208535e+00]]
time assembling system 0.045522031000018615
time in solving system 0.16691264700011743
time in solving system 0.05414201600001434
time in solving system 0.05533938400003535
[[8.07018745e+00 3.70725436e+00 3.52607169e-04]
 [3.70725436e+00 8.04265466e+00 4.07310279e-04]
 [3.52607169e-04 4.07310279e-04 1.87413420e+00]]
time assembling system 0.04685331599989695
time in solving system 0.1690060999999332
time in solving system 0.05564381599992885
time in solving system 0.05598635299998023
[[ 8.06569823e+00  3.72539994e+00 -2.45854225e-04]
 [ 3.72539994e+00  8.12563290e+00 -7.05327720e-05]
 [-2.45854225e-04 -7.05327720e-05  1.89122224e+00]]
time assembling system 0.04692376699995293
time in solving system 0.21004466499994123
time in solving system 0.07607874399991488
time in solving system 0.06851012300012371
[[8.33539114e+00 3.85490220e+00 3.58049891e-04]
 [3.85490220e+00 8.54647553e+00 1.88041341e-04]
 [3.58049891e-04 1.88041341e-04 1.94390294e+00]]
time assembling system 0.05733829899986631
time in solving system 0.15583675199991376
time in solving system 0.05741648200000782
time in solving system 0.05234619700013354
[[8.85427174e+00 4.11357029e+00 1.39364652e-04]
 [4.11357029e+00 8.84276646e+00 1.01905803e-04]
 [1.39364652e-04 1.01905803e-04 2.08189997e+00]]
time assembling system 0.044050625999943804
time in solving system 0.1564460769998277
time in solving systemtime assembling system 0.05199535300016578
time in solving system 0.15648045300008562
time in solving system 0.053963152000051196
time in solving system 0.05164196800001264
[[7.15116181e+00 3.23160613e+00 2.97012070e-04]
 [3.23160613e+00 7.11442237e+00 3.34564590e-04]
 [2.97012070e-04 3.34564590e-04 1.63452743e+00]]
time assembling system 0.04372753500001636
time in solving system 0.1535925870000483
time in solving system 0.05563279199986937
time in solving system 0.052365966000024855
[[8.66224594e+00 4.02161385e+00 1.63913370e-04]
 [4.02161385e+00 8.79835559e+00 6.99268857e-05]
 [1.63913370e-04 6.99268857e-05 2.02511999e+00]]
time assembling system 0.04413181700010682
time in solving system 0.15364028399994822
time in solving system 0.0583354559998952
time in solving system 0.05173410500015052
[[ 7.67606386e+00  3.48087071e+00 -5.18975385e-04]
 [ 3.48087071e+00  7.58410352e+00 -7.14833059e-04]
 [-5.18975385e-04 -7.14833059e-04  1.76533795e+00]]
time assembling system 0.04415669400009392
time in solving system 0.15382956799999192
time in solving system 0.052342657000053805
time in solving system 0.05264245899979869
[[7.21718110e+00 3.27578150e+00 6.73023775e-04]
 [3.27578150e+00 7.21005972e+00 6.81784318e-04]
 [6.73023775e-04 6.81784318e-04 1.65909610e+00]]
time assembling system 0.04750546900004338
time in solving system 0.15446216899999854
time in solving system 0.052875440999969214
time in solving system 0.052181195000002845
[[ 8.12140050e+00  3.74407265e+00 -1.76818763e-04]
 [ 3.74407265e+00  8.12007478e+00 -1.77994455e-04]
 [-1.76818763e-04 -1.77994455e-04  1.88631999e+00]]
time assembling system 0.04367816500007393
time in solving system 0.1549462319999293
time in solving system 0.05428002700000434
time in solving system 0.05633675600006427
[[5.82665503e+00 2.59489456e+00 5.81368823e-05]
 [2.59489456e+00 5.83694902e+00 5.74730180e-05]
 [5.81368823e-05 5.74730180e-05 1.31597083e+00]]
time assembling system 0.05278280499987886
time in solving system 0.1771240460000172
time in solving system 0.0579422909997902
time in solving system 0.05874946300014017
[[6.89396863e+00 3.07715643e+00 1.92552647e-04]
 [3.07715643e+00 6.80211347e+00 2.63105120e-04]
 [1.92552647e-04 2.63105120e-04 1.55705260e+00]]
time assembling system 0.05196747199988749
time in solving system 0.17671766200010097
time in solving system 0.057669380000106685
time in solving system 0.058164543999964735
[[8.90694208e+00 4.14225042e+00 1.00070869e-04]
 [4.14225042e+00 8.88482557e+00 5.37952332e-05]
 [1.00070869e-04 5.37952332e-05 2.08669512e+00]]
time assembling system 0.049518673999955354
time in solving system 0.15914867100013907
time in solving system 0.05400875499981339
time in solving system 0.051854134999985035
[[ 6.24706826e+00  2.79767380e+00 -1.37180177e-04]
 [ 2.79767380e+00  6.31197318e+00 -1.06782225e-04]
 [-1.37180177e-04 -1.06782225e-04  1.41786279e+00]]
time assembling system 0.044633180999881006
time in solving system 0.15375003200006176
time in solving system 0.053195258999949147
time in solving system 0.05298427699995045
[[ 8.43577473e+00  3.91431477e+00 -3.94104732e-05]
 [ 3.91431477e+00  8.57646455e+00 -8.46091839e-06]
 [-3.94104732e-05 -8.46091839e-06  1.97048219e+00]]
time assembling system 0.04475777700008621
time in solving system 0.1544077930000185
time in solving system 0.05239242999982707
time in solving system 0.05249123199996575
[[ 1.05690555e+01  5.01785456e+00 -4.50899709e-04]
 [ 5.01785456e+00  1.05659445e+01 -4.46392035e-04]
 [-4.50899709e-04 -4.46392035e-04  2.51741048e+00]]
time assembling system 0.05320484799995029
time in solving system 0.1727205459999368
time in solving system 0.06442007399982685
time in solving system 0.05886877600005391
[[ 7.32139250e+00  3.32893833e+00 -2.36784682e-04]
 [ 3.32893833e+00  7.31722595e+00 -2.45417258e-04]
 [-2.36784682e-04 -2.45417258e-04  1.68897008e+00]]
time assembling system 0.04962874100010595
time in solving system 0.1746853029999329
time in solving system 0.06000753200009967
time in solving system 0.05840246100001423
[[ 7.50620714e+00  3.43392663e+00 -6.02459857e-04]
 [ 3.43392663e+00  7.53356463e+00 -5.57387150e-04]
 [-6.02459857e-04 -5.57387150e-04  1.73890863e+00]]
time assembling system 0.04991290700013451
time in solving system 0.16363266700000167
time in solving system 0.05178383699990263
time in solving system 0.05340068600003178
[[8.71685257e+00 4.05369372e+00 3.80248422e-05]
 [4.05369372e+00 8.71632313e+00 3.83535427e-05]
 [3.80248422e-05 3.83535427e-05 2.03863879e+00]]
time assembling system 0.04562108999994052
time in solving system 0.15411717100005262
time in solving system 0.052431230000138385
time in solving system 0.052062841999941156
[[8.38322707e+00 3.88046810e+00 2.32160549e-04]
 [3.88046810e+00 8.37723553e+00 2.14225858e-04]
 [2.32160549e-04 2.14225858e-04 1.96617028e+00]]
time assembling system 0.04866177700000662
time in solving system 0.1651034129999971
time in solving system 0.052165068000022075
time in solving system 0.052518971000154124
[[8.88915659e+00 4.04373497e+00 5.50171135e-04]
 [4.04373497e+00 8.71373379e+00 8.06683076e-04]
 [5.50171135e-04 8.06683076e-04 2.03988140e+00]]
time assembling system 0.04934701400020458
time in solving system 0.19360151299997597
time in solving system 0.06477357000017037
time in solving system 0.06336327100007111
[[ 7.45103898e+00  3.37912753e+00 -2.24764281e-04]
 [ 3.37912753e+00  7.41084700e+00 -2.93508668e-04]
 [-2.24764281e-04 -2.93508668e-04  1.71023273e+00]]
time assembling system 0.05086844399988877
time in solving system 0.17843235000009372
time in solving system 0.060720731000174055
time in solving system 0.05878299899995909
[[ 8.82908186e+00  4.08372425e+00 -3.17183693e-04]
 [ 4.08372425e+00  8.88049185e+00 -2.75756624e-04]
 [-3.17183693e-04 -2.75756624e-04  2.05692047e+00]]
time assembling system 0.05096234000006916
time in solving system 0.17462872900000548
time in solving system 0.05267224400017767
time in solving system 0.05350571899998613
[[ 8.63587537e+00  3.95777976e+00 -9.39008262e-04]
 [ 3.95777976e+00  8.58221131e+00 -1.02165143e-03]
 [-9.39008262e-04 -1.02165143e-03  1.99789080e+00]]
time assembling system 0.044671373000028325
time in solving system 0.15498524600002384
time in solving system 0.05330691700009993
time in solving system 0.05204376999995475
[[ 7.40082311e+00  3.36898364e+00 -3.11141597e-04]
 [ 3.36898364e+00  7.40905013e+00 -3.05805618e-04]
 [-3.11141597e-04 -3.05805618e-04  1.70108941e+00]]
time assembling system 0.045415672999979506
time in solving system 0.18579160500007674
time in solving system 0.05654304100016816
time in solving system 0.054127894000203014
[[8.38691087e+00 3.87881676e+00 1.27391640e-04]
 [3.87881676e+00 8.42830191e+00 1.03198853e-04]
 [1.27391640e-04 1.03198853e-04 1.95287770e+00]]
time assembling system 0.04553750099989884
time in solving system 0.16725576299995737
time in solving system 0.05414781799981938
time in solving system 0.05520094600001357
[[ 9.11906399e+00  4.17086229e+00 -9.35329616e-06]
 [ 4.17086229e+00  8.92670258e+00 -1.57123750e-05]
 [-9.35329616e-06 -1.57123750e-05  2.09812501e+00]]
time assembling system 0.04629765100003169
time in solving system 0.16883296700007122
time in solving system 0.05582512899991343
time in solving system 0.05604277599991292
[[ 8.67970582e+00  4.01850517e+00 -8.03431429e-05]
 [ 4.01850517e+00  8.68440731e+00 -7.78961548e-05]
 [-8.03431429e-05 -7.78961548e-05  2.02213594e+00]]
time assembling system 0.04729389999988598
time in solving system 0.20823552000001655
time in solving system 0.07180400700008249
time in solving system 0.061422134000167716
[[ 8.79377247e+00  4.07693761e+00 -1.34563690e-04]
 [ 4.07693761e+00  8.80006689e+00 -1.29245055e-04]
 [-1.34563690e-04 -1.29245055e-04  2.05176026e+00]]
time assembling system 0.09139649199983069
time in solving system 0.15765932599992993
time in solving system 0.055788785999993706
time in solving system 0.05225790400004371
[[6.74952947e+00 3.03894164e+00 5.48525185e-05]
 [3.03894164e+00 6.80707034e+00 4.25943266e-05]
 [5.48525185e-05 4.25943266e-05 1.53671801e+00]]
time assembling system 0.043840814999839495
time in solving system 0.15821869199999128
time in solving system 0.05617759400001887time assembling system 0.052283122000062576
time in solving system 0.15670299499993234
time in solving system 0.05346232300007614
time in solving system 0.05174508599998262
[[ 6.37803948e+00  2.87060469e+00 -4.40066645e-04]
 [ 2.87060469e+00  6.38712214e+00 -4.24422536e-04]
 [-4.40066645e-04 -4.24422536e-04  1.46593754e+00]]
time assembling system 0.044047357999943415
time in solving system 0.15699381900003573
time in solving system 0.0522650140001133
time in solving system 0.05217706099983843
[[9.05009344e+00 4.21469039e+00 3.86713284e-04]
 [4.21469039e+00 9.02506377e+00 3.14837147e-04]
 [3.86713284e-04 3.14837147e-04 2.12623441e+00]]
time assembling system 0.04444245400009095
time in solving system 0.1533488469999611
time in solving system 0.05797119199996814
time in solving system 0.052271015999849624
[[7.94272454e+00 3.58109440e+00 1.56146178e-04]
 [3.58109440e+00 7.80335148e+00 2.56062306e-04]
 [1.56146178e-04 2.56062306e-04 1.80603850e+00]]
time assembling system 0.044421804999956294
time in solving system 0.15357418999997208
time in solving system 0.0521189379999214
time in solving system 0.05269157600014296
[[9.68500273e+00 4.55200563e+00 1.00511407e-04]
 [4.55200563e+00 9.70388318e+00 1.16261687e-04]
 [1.00511407e-04 1.16261687e-04 2.28637030e+00]]
time assembling system 0.04816263800012166
time in solving system 0.15452457500009587
time in solving system 0.05268874699982007
time in solving system 0.05202891500016449
[[ 7.75385467e+00  3.55838878e+00 -2.12627028e-04]
 [ 3.55838878e+00  7.84596644e+00 -1.61812619e-04]
 [-2.12627028e-04 -1.61812619e-04  1.79458557e+00]]
time assembling system 0.04435692100014421
time in solving system 0.15430600899981073
time in solving system 0.054561913000043205
time in solving system 0.05650307900009466
[[ 9.87108375e+00  4.63940198e+00 -3.30145274e-05]
 [ 4.63940198e+00  9.93987947e+00  6.73750017e-05]
 [-3.30145274e-05  6.73750017e-05  2.33255231e+00]]
time assembling system 0.053360162999979366
time in solving system 0.1769457830000647
time in solving system 0.05786247400010325
time in solving system 0.058136780000040744
[[ 9.49616564e+00  4.45374593e+00 -6.86627606e-04]
 [ 4.45374593e+00  9.48633050e+00 -6.57045352e-04]
 [-6.86627606e-04 -6.57045352e-04  2.24333400e+00]]
time assembling system 0.053284601999848746
time in solving system 0.17614391400002205
time in solving system 0.05778289699992456
time in solving system 0.05843224599993846
[[ 6.97166566e+00  3.15868687e+00 -3.17766427e-04]
 [ 3.15868687e+00  6.97201465e+00 -3.17540625e-04]
 [-3.17766427e-04 -3.17540625e-04  1.59716327e+00]]
time assembling system 0.049948426999890216
time in solving system 0.1614426819999153
time in solving system 0.05153190600003654
time in solving system 0.05179434499996205
[[ 7.00664524e+00  3.19949753e+00 -2.89172899e-04]
 [ 3.19949753e+00  7.30322163e+00 -1.28846042e-04]
 [-2.89172899e-04 -1.28846042e-04  1.61752566e+00]]
time assembling system 0.04505990600000587
time in solving system 0.15374394199989183
time in solving system 0.05298079299996061
time in solving system 0.05283655199991699
[[6.80805417e+00 3.07057484e+00 1.67522540e-04]
 [3.07057484e+00 6.79726814e+00 1.71289008e-04]
 [1.67522540e-04 1.71289008e-04 1.55238296e+00]]
time assembling system 0.045443040000009205
time in solving system 0.1543487679998634
time in solving system 0.05257561099983832
time in solving system 0.05228318200011017
[[ 8.75170607e+00  4.07238077e+00 -5.29108335e-04]
 [ 4.07238077e+00  8.87406553e+00 -2.83166069e-04]
 [-5.29108335e-04 -2.83166069e-04  2.05405009e+00]]
time assembling system 0.053588300000001254
time in solving system 0.1744912970000314
time in solving system 0.06219927500001177
time in solving system 0.05913841400001729
[[ 8.42577064e+00  3.87548429e+00 -5.79584165e-05]
 [ 3.87548429e+00  8.36372950e+00  1.00501940e-04]
 [-5.79584165e-05  1.00501940e-04  1.95874610e+00]]
time assembling system 0.05012182399991616
time in solving system 0.17468615699999646
time in solving system 0.05978717700008929
time in solving system 0.058517095000070185
[[ 7.15871215e+00  3.23448682e+00 -1.97263405e-04]
 [ 3.23448682e+00  7.22316167e+00 -1.63302507e-04]
 [-1.97263405e-04 -1.63302507e-04  1.63429310e+00]]
time assembling system 0.050252550999857704
time in solving system 0.16357114699985686
time in solving system 0.05217163700012861
time in solving system 0.051571132999924885
[[ 6.23623090e+00  2.79783448e+00 -2.21709163e-04]
 [ 2.79783448e+00  6.34239185e+00 -1.32128010e-04]
 [-2.21709163e-04 -1.32128010e-04  1.41987646e+00]]
time assembling system 0.04735357900017334
time in solving system 0.15422125199984293
time in solving system 0.052025254999989556
time in solving system 0.05212282000002233
[[9.31908194e+00 4.36866665e+00 3.17023840e-04]
 [4.36866665e+00 9.34684594e+00 3.83852126e-04]
 [3.17023840e-04 3.83852126e-04 2.19901514e+00]]
time assembling system 0.0490049210000052
time in solving system 0.16117183799997292
time in solving system 0.056452207000120325
time in solving system 0.05234241499988457
[[ 6.42941695e+00  2.88807438e+00 -2.35968516e-04]
 [ 2.88807438e+00  6.47732843e+00 -2.01204883e-04]
 [-2.35968516e-04 -2.01204883e-04  1.46384854e+00]]
time assembling system 0.049342833000082464
time in solving system 0.19356496000000334
time in solving system 0.06461707300013586
time in solving system 0.06361268900013783
[[7.98986105e+00 3.68660403e+00 3.64214304e-04]
 [3.68660403e+00 8.18704082e+00 1.77700125e-04]
 [3.64214304e-04 1.77700125e-04 1.85968079e+00]]
time assembling system 0.051062836999790306
time in solving system 0.17840235700009544
time in solving system 0.06074727199984409
time in solving system 0.05803744600007121
[[7.85594855e+00 3.51046913e+00 3.32557142e-04]
 [3.51046913e+00 7.69097813e+00 4.89834658e-04]
 [3.32557142e-04 4.89834658e-04 1.77220330e+00]]
time assembling system 0.05205533299999843
time in solving system 0.17458085599992046
time in solving system 0.05281926599991493
time in solving system 0.05331629899978907
[[8.88777693e+00 4.13059183e+00 1.45300382e-04]
 [4.13059183e+00 8.88185747e+00 1.56848999e-04]
 [1.45300382e-04 1.56848999e-04 2.08128884e+00]]
time assembling system 0.04476022200014995
time in solving system 0.1546218889998272
time in solving system 0.05330659400010518
time in solving system 0.05227832499986107
[[8.31311035e+00 3.85044490e+00 1.98622490e-04]
 [3.85044490e+00 8.35002108e+00 3.19127538e-04]
 [1.98622490e-04 3.19127538e-04 1.95486482e+00]]
time assembling system 0.0458260479999808
time in solving system 0.18378196599996954
time in solving system 0.05619291600010001
time in solving system 0.05626852799991866
[[6.97478830e+00 3.16073082e+00 3.59721936e-04]
 [3.16073082e+00 6.97682460e+00 3.58175624e-04]
 [3.59721936e-04 3.58175624e-04 1.59877103e+00]]
time assembling system 0.04639607099989007
time in solving system 0.16678260599996975
time in solving system 0.05412924600000224
time in solving system 0.055339862999971956
[[7.51954437e+00 3.43805056e+00 7.79139208e-04]
 [3.43805056e+00 7.52608323e+00 7.66245608e-04]
 [7.79139208e-04 7.66245608e-04 1.74503442e+00]]
time assembling system 0.04747538100014026
time in solving system 0.16911179200019433
time in solving system 0.05544763100010641
time in solving system 0.05617815200002951
[[7.41828508e+00 3.39880428e+00 4.86354534e-04]
 [3.39880428e+00 7.44427177e+00 4.20128612e-04]
 [4.86354534e-04 4.20128612e-04 1.73301382e+00]]
time assembling system 0.04729744499991284
time in solving system 0.22408095600007982
time in solving system 0.06156883200014818
time in solving system 0.05633610299992142
[[8.50902574e+00 3.92073901e+00 7.00783116e-05]
 [3.92073901e+00 8.47614451e+00 9.27587211e-05]
 [7.00783116e-05 9.27587211e-05 1.97339481e+00]]
time assembling system 0.09170650300006855
time in solving system 0.15570679699999346
time in solving system 0.057585859999790046
time in solving system 0.05224074800003109
[[7.16835363e+00 3.25855402e+00 3.54751520e-04]
 [3.25855402e+00 7.18125823e+00 3.44753667e-04]
 [3.54751520e-04 3.44753667e-04 1.64698518e+00]]
time assembling system 0.04437686799997209
time in solving system 0.15561920999994072
time in solving system 0.0583939250000185
time in solving system time assembling system 0.052065065999840954
time in solving system 0.15627337000000807
time in solving system 0.0540217620000476
time in solving system 0.05169599700002436
[[ 8.91918944e+00  4.15875875e+00 -6.50229648e-06]
 [ 4.15875875e+00  8.91892627e+00 -6.69312747e-06]
 [-6.50229648e-06 -6.69312747e-06  2.09074390e+00]]
time assembling system 0.0439330639999298
time in solving system 0.1535391919999256
time in solving system 0.05591218500012474
time in solving system 0.05188142799988782
[[ 7.05311010e+00  3.15036238e+00 -2.51266323e-05]
 [ 3.15036238e+00  6.99163453e+00 -3.43067570e-05]
 [-2.51266323e-05 -3.43067570e-05  1.59237236e+00]]
time assembling system 0.0438069419999465
time in solving system 0.1535900199999105
time in solving system 0.05812094199995954
time in solving system 0.05222836699999789
[[7.07142636e+00 3.19108650e+00 3.40191030e-04]
 [3.19108650e+00 7.07168732e+00 3.40060615e-04]
 [3.40191030e-04 3.40060615e-04 1.61322695e+00]]
time assembling system 0.04387702899998658
time in solving system 0.15396796899995024
time in solving system 0.052423606000047585
time in solving system 0.05262300499998673
[[8.22653814e+00 3.78426682e+00 2.76344297e-05]
 [3.78426682e+00 8.21574024e+00 2.85726047e-05]
 [2.76344297e-05 2.85726047e-05 1.90541649e+00]]
time assembling system 0.04700266199984071
time in solving system 0.1546133589999954
time in solving system 0.052804994999860355
time in solving system 0.052094613000008394
[[ 1.03440125e+01  4.90530963e+00 -1.55926237e-04]
 [ 4.90530963e+00  1.03971503e+01 -1.87098847e-04]
 [-1.55926237e-04 -1.87098847e-04  2.46130077e+00]]
time assembling system 0.043612914000050296
time in solving system 0.15428288900011466
time in solving system 0.054491854000161766
time in solving system 0.056510549999984505
[[8.21116707e+00 3.80680215e+00 9.00948427e-05]
 [3.80680215e+00 8.50146924e+00 2.48008365e-05]
 [9.00948427e-05 2.48008365e-05 1.91841284e+00]]
time assembling system 0.052916744999947696
time in solving system 0.17646132700019734
time in solving system 0.058238776000052894
time in solving system 0.05846411300012733
[[ 7.97479221e+00  3.67629919e+00 -2.04958455e-04]
 [ 3.67629919e+00  8.24262487e+00 -6.88541880e-05]
 [-2.04958455e-04 -6.88541880e-05  1.85489386e+00]]
time assembling system 0.05260764400009066
time in solving system 0.17604314300001533
time in solving system 0.058222743999976956
time in solving system 0.0580151389999628
[[ 7.98408065e+00  3.67605870e+00 -4.97193600e-04]
 [ 3.67605870e+00  8.12812726e+00 -3.47327367e-04]
 [-4.97193600e-04 -3.47327367e-04  1.85508481e+00]]
time assembling system 0.04964776399992843
time in solving system 0.15898869499983448
time in solving system 0.05429344399999536
time in solving system 0.05180993799990574
[[1.04714807e+01 4.95975238e+00 4.85007708e-04]
 [4.95975238e+00 1.04547724e+01 4.57498473e-04]
 [4.85007708e-04 4.57498473e-04 2.48911771e+00]]
time assembling system 0.04452239700003702
time in solving system 0.1537533320001785
time in solving system 0.05299350599989339
time in solving system 0.05290230400009932
[[ 6.52462067e+00  2.94623222e+00 -7.87377161e-04]
 [ 2.94623222e+00  6.52520200e+00 -7.86599490e-04]
 [-7.87377161e-04 -7.86599490e-04  1.50099124e+00]]
time assembling system 0.045047482000200034
time in solving system 0.1545772780000334
time in solving system 0.05258057200012445
time in solving system 0.05224325599988333
[[8.33930849e+00 3.83503641e+00 1.22569324e-03]
 [3.83503641e+00 8.34794244e+00 1.20809508e-03]
 [1.22569324e-03 1.20809508e-03 1.94032836e+00]]
time assembling system 0.0529321419999178
time in solving system 0.17262960200014277
time in solving system 0.06441252700005862
time in solving system 0.05895565200012243
[[7.01426471e+00 3.10573404e+00 2.49274302e-04]
 [3.10573404e+00 6.83302873e+00 4.22497514e-04]
 [2.49274302e-04 4.22497514e-04 1.57233640e+00]]
time assembling system 0.04939352799988228
time in solving system 0.17424424800015004
time in solving system 0.060363981000136846
time in solving system 0.058515625000154614
[[ 7.42711685e+00  3.39756024e+00 -2.93887209e-04]
 [ 3.39756024e+00  7.55468576e+00 -1.88282501e-04]
 [-2.93887209e-04 -1.88282501e-04  1.71553212e+00]]
time assembling system 0.04989612700001089
time in solving system 0.16362736499991115
time in solving system 0.05187371700003496
time in solving system 0.05197732400006316
[[9.57985293e+00 4.46106841e+00 4.89140321e-05]
 [4.46106841e+00 9.51942773e+00 1.80004456e-04]
 [4.89140321e-05 1.80004456e-04 2.24595131e+00]]
time assembling system 0.04678042899990942
time in solving system 0.15395525200005977
time in solving system 0.05244257200001812
time in solving system 0.052169059999869205
[[ 8.30225435e+00  3.83095469e+00 -1.13087097e-03]
 [ 3.83095469e+00  8.33308610e+00 -1.04955076e-03]
 [-1.13087097e-03 -1.04955076e-03  1.94347007e+00]]
time assembling system 0.048470334000057846
time in solving system 0.16086967399996865
time in solving system 0.056462711999984094
time in solving system 0.05248568999991221
[[7.02842828e+00 3.17295626e+00 2.14622677e-04]
 [3.17295626e+00 6.98419763e+00 3.14576177e-04]
 [2.14622677e-04 3.14576177e-04 1.61571284e+00]]
time assembling system 0.049121087999992596
time in solving system 0.1970070790000591
time in solving system 0.06126711299998533
time in solving system 0.06374620900010086
[[ 6.88131898e+00  3.11986933e+00 -7.38318379e-04]
 [ 3.11986933e+00  6.88497245e+00 -7.33076004e-04]
 [-7.38318379e-04 -7.33076004e-04  1.58541061e+00]]
time assembling system 0.050466412000105265
time in solving system 0.17799140100009936
time in solving system 0.06130963900000097
time in solving system 0.05825583999990158
[[ 6.47444504e+00  2.88705570e+00 -2.43208495e-04]
 [ 2.88705570e+00  6.41258832e+00 -2.79993112e-04]
 [-2.43208495e-04 -2.79993112e-04  1.46294961e+00]]
time assembling system 0.05112729299980856
time in solving system 0.17491369899994424
time in solving system 0.0525478980000571
time in solving system 0.053267728000037096
[[ 8.39853641e+00  3.89342833e+00 -3.58703655e-04]
 [ 3.89342833e+00  8.50781199e+00 -1.81842812e-04]
 [-3.58703655e-04 -1.81842812e-04  1.96329303e+00]]
time assembling system 0.0445305969999481
time in solving system 0.15599191900014375
time in solving system 0.05238264199988407
time in solving system 0.0519352839999101
[[ 6.66401400e+00  3.00213362e+00 -3.09794249e-04]
 [ 3.00213362e+00  6.68001468e+00 -2.83183891e-04]
 [-3.09794249e-04 -2.83183891e-04  1.52669102e+00]]
time assembling system 0.04535275200009892
time in solving system 0.187339042000076
time in solving system 0.052972160999843254
time in solving system 0.05615216299997883
[[1.03910922e+01 4.92759015e+00 4.23887349e-04]
 [4.92759015e+00 1.03917900e+01 4.24917673e-04]
 [4.23887349e-04 4.24917673e-04 2.47255759e+00]]
time assembling system 0.04528392700012773
time in solving system 0.1669074849999106
time in solving system 0.0544073109999772
time in solving system 0.05524989399987135
[[7.98508637e+00 3.65392419e+00 1.76692980e-04]
 [3.65392419e+00 8.01146497e+00 1.59118878e-04]
 [1.76692980e-04 1.59118878e-04 1.84172343e+00]]
time assembling system 0.04656482800010053
time in solving system 0.1689068779999161
time in solving system 0.05585130500003288
time in solving system 0.05599142500000198
[[ 9.58444701e+00  4.49476636e+00 -2.54493498e-04]
 [ 4.49476636e+00  9.70413481e+00 -5.98381125e-05]
 [-2.54493498e-04 -5.98381125e-05  2.26196690e+00]]
time assembling system 0.047022482999864224
time in solving system 0.22401471600005607
time in solving system 0.05408167299992783
time in solving system 0.06256854100001874
[[ 8.83916995e+00  4.07928226e+00 -1.83069479e-05]
 [ 4.07928226e+00  8.76720122e+00 -5.63390395e-05]
 [-1.83069479e-05 -5.63390395e-05  2.05217773e+00]]
time assembling system 0.075717012000041
time in solving system 0.16065172599996913
time in solving system 0.05258790599987151
time in solving system 0.052285377000089284
[[7.77098013e+00 3.52008099e+00 3.11415902e-04]
 [3.52008099e+00 7.67211370e+00 4.18861973e-04]
 [3.11415902e-04 4.18861973e-04 1.77731141e+00]]
time assembling system 0.04380754700014222
time in solving system 0.16109530600010658
time in solving system 0.05306125700008124
 0.057677300000023024
time in solving system 0.05327012300017486
[[ 7.84496258e+00  3.60636554e+00 -2.81230213e-04]
 [ 3.60636554e+00  7.91904874e+00 -2.16317601e-04]
 [-2.81230213e-04 -2.16317601e-04  1.81885843e+00]]
time assembling system 0.048696135999989565
time in solving system 0.156537864000029
time in solving system 0.05808116899993365
time in solving system 0.05413056099996538
[[ 7.34835505e+00  3.36395712e+00 -5.14095997e-04]
 [ 3.36395712e+00  7.48857440e+00 -1.89369221e-04]
 [-5.14095997e-04 -1.89369221e-04  1.70739342e+00]]
time assembling system 0.050702035999847794
time in solving system 0.15727827000000616
time in solving system 0.055535461000090436
time in solving system 0.0537566020000213
[[7.80122587e+00 3.57773937e+00 1.22966193e-04]
 [3.57773937e+00 7.82128282e+00 7.79794109e-05]
 [1.22966193e-04 7.79794109e-05 1.81082132e+00]]
time assembling system 0.05030083499991633
time in solving system 0.15681792300006236
time in solving system 0.06095490100005918
time in solving system 0.05879617199980203
[[8.91577134e+00 4.13364953e+00 7.37522173e-04]
 [4.13364953e+00 8.90543668e+00 7.70458188e-04]
 [7.37522173e-04 7.70458188e-04 2.09432905e+00]]
time assembling system 0.06345334399998137
time in solving system 0.17561349900006462
time in solving system 0.05882940699984829
time in solving system 0.05965593600012653
[[8.64541298e+00 4.00616355e+00 7.04421556e-05]
 [4.00616355e+00 8.62818269e+00 1.14381740e-04]
 [7.04421556e-05 1.14381740e-04 2.02355307e+00]]

time in solving system 0.05338040500009811
[[6.79877111e+00 3.06397012e+00 2.81569158e-04]
 [3.06397012e+00 6.82169207e+00 2.49954652e-04]
 [2.81569158e-04 2.49954652e-04 1.55388894e+00]]
time assembling system 0.04853980600000796
time in solving system 0.1569910460000301
time in solving system 0.05789139199987403
time in solving system 0.05395189399996525
[[ 9.21457300e+00  4.30937297e+00 -1.96215968e-04]
 [ 4.30937297e+00  9.21154435e+00 -1.90896765e-04]
 [-1.96215968e-04 -1.90896765e-04  2.16729540e+00]]
time assembling system 0.050793277000138914
time in solving system 0.15758652799991069
time in solving system 0.05522930899996936
time in solving system 0.05378771300001972
[[6.49688622e+00 2.91137757e+00 4.81655668e-05]
 [2.91137757e+00 6.49758784e+00 4.80421308e-05]
 [4.81655668e-05 4.80421308e-05 1.47319972e+00]]
time assembling system 0.04975598000009995
time in solving system 0.15769062100002884
time in solving system 0.06008432700014055
time in solving system 0.05861346599999706
[[ 8.45668415e+00  3.73760138e+00 -6.48087872e-05]
 [ 3.73760138e+00  8.06428751e+00 -1.90997711e-04]
 [-6.48087872e-05 -1.90997711e-04  1.88498302e+00]]
time assembling system 0.0635098539999035
time in solving system 0.17516250400012723
time in solving system 0.059199878000072204
time in solving system 0.05973749300005693
[[ 9.21331291e+00  4.27180479e+00 -3.27365787e-05]
 [ 4.27180479e+00  9.12822513e+00  1.34384787e-05]
 [-3.27365787e-05  1.34384787e-05  2.14728872e+00]]
time in solving system 0.05354488700004367
[[8.00013799e+00 3.68263901e+00 6.70338861e-05]
 [3.68263901e+00 7.98628059e+00 1.08232376e-04]
 [6.70338861e-05 1.08232376e-04 1.87370089e+00]]
time assembling system 0.04780257100014751
time in solving system 0.16136586800007535
time in solving system 0.054185178999887285
time in solving system 0.05397238699993068
[[9.78485122e+00 4.59946570e+00 4.85019758e-04]
 [4.59946570e+00 9.77043888e+00 4.48895081e-04]
 [4.85019758e-04 4.48895081e-04 2.31327660e+00]]
time assembling system 0.04907917700006692
time in solving system 0.15993580000008478
time in solving system 0.053830340999866166
time in solving system 0.0536975549998715
[[ 8.58077347e+00  3.97238078e+00 -4.97112444e-04]
 [ 3.97238078e+00  8.58664680e+00 -4.82249165e-04]
 [-4.97112444e-04 -4.82249165e-04  2.00848644e+00]]
time assembling system 0.04847915400000602
time in solving system 0.15612674800013338
time in solving system 0.06158643399999164
time in solving system 0.05874086899984832
[[ 7.01805024e+00  3.19542697e+00 -4.44122062e-04]
 [ 3.19542697e+00  7.14204685e+00 -1.74864979e-04]
 [-4.44122062e-04 -1.74864979e-04  1.62402841e+00]]
time assembling system 0.06290530199999012
time in solving system 0.17501567099998283
time in solving system 0.05938827599993601
time in solving system 0.06460240999990674
[[ 8.77822554e+00  3.97007760e+00 -3.39447226e-05]
 [ 3.97007760e+00  8.53488029e+00 -2.84416736e-05]
 [-3.39447226e-05 -2.84416736e-05  1.99903042e+00]]
0.05335351000007904
[[7.59427768e+00 3.48144427e+00 5.92115150e-05]
 [3.48144427e+00 7.64388484e+00 2.05524453e-04]
 [5.92115150e-05 2.05524453e-04 1.77089060e+00]]
time assembling system 0.04906499999992775
time in solving system 0.1566392959998666
time in solving system 0.05796421100012594
time in solving system 0.05414362800001982
[[8.25517858e+00 3.81127403e+00 3.11156826e-04]
 [3.81127403e+00 8.42454770e+00 1.82085590e-04]
 [3.11156826e-04 1.82085590e-04 1.92043759e+00]]
time assembling system 0.05110373000002255
time in solving system 0.1569626350001272
time in solving system 0.05597339399992052
time in solving system 0.053862206000076185
[[ 6.39852011e+00  2.86050956e+00 -1.97318965e-04]
 [ 2.86050956e+00  6.36560208e+00 -2.08822517e-04]
 [-1.97318965e-04 -2.08822517e-04  1.44867053e+00]]
time assembling system 0.04854686699991362
time in solving system 0.16031531700014057
time in solving system 0.05726898400007485
time in solving system 0.05889346200001455
[[ 6.97840439e+00  3.16085283e+00 -5.17597432e-04]
 [ 3.16085283e+00  6.98813589e+00 -5.08683173e-04]
 [-5.17597432e-04 -5.08683173e-04  1.60022867e+00]]
time assembling system 0.05648275999988073
time in solving system 0.1747518360000413
time in solving system 0.05938763500012101
time in solving system 0.06175336100000095
[[7.76854818e+00 3.58680578e+00 6.55078840e-05]
 [3.58680578e+00 8.15781177e+00 6.55329418e-05]
 [6.55078840e-05 6.55329418e-05 1.81006513e+00]]
